-11 0
-1647 0
-2047 0
-2095 0
-2337 0
-2365 0
-2371 0
-2377 0
-2677 0
-3153 0
-3603 0
-3633 0
-3634 0
-3635 0
-3636 0
-3637 0
-3638 0
-3639 0
-3640 0
-3641 0
-3642 0
-3643 0
-3644 0
-3645 0
-3646 0
-3647 0
-3648 0
-3649 0
-3650 0
-3651 0
-3652 0
-3653 0
-3654 0
-3655 0
-3656 0
-3657 0
-3658 0
-3659 0
-3660 0
-3661 0
-3662 0
-3663 0
3664 0
-3665 0
-3666 0
-3667 0
-3668 0
-3669 0
-3670 0
-3671 0
-3672 0
3673 0
3674 0
3675 0
3676 0
3677 0
-3678 0
-3679 0
-3680 0
-3681 0
-3682 0
-3683 0
3684 0
3685 0
3686 0
3687 0
3688 0
3689 0
3690 0
3691 0
3692 0
3693 0
3694 0
3695 0
3696 0
-3835 0
-3956 0
-3957 0
-3958 0
-3959 0
-3960 0
3961 0
3962 0
-4091 0
-4194 0
-4195 0
-4196 0
-4197 0
-4198 0
-4199 0
-4200 0
-4201 0
-4202 0
-4203 0
-4204 0
-4205 0
-4206 0
-4207 0
-4208 0
-4209 0
-4210 0
4211 0
-4212 0
-4213 0
-4214 0
-4215 0
-4216 0
-4217 0
-4218 0
-4219 0
-4220 0
-4221 0
-4222 0
-4223 0
-4224 0
-4225 0
-4226 0
-4227 0
-4228 0
-4229 0
-4230 0
-4231 0
-4232 0
-4233 0
-4234 0
-4235 0
-4236 0
-4237 0
-4238 0
-4240 0
-4242 0
-4243 0
-4245 0
4246 0
4248 0
-4321 0
4353 0
4354 0
4355 0
4356 0
4357 0
4358 0
4359 0
4360 0
4361 0
4362 0
4363 0
-4396 0
-4397 0
-4398 0
-4399 0
-4400 0
-4401 0
-4402 0
-4403 0
4404 0
4405 0
4406 0
4407 0
-4408 0
-4409 0
4410 0
4414 0
4415 0
-4433 0
4455 0
4456 0
4457 0
4458 0
4459 0
4460 0
4461 0
4463 0
-4464 0
-4465 0
4466 0
4467 0
4468 0
4469 0
4472 0
4473 0
-4475 0
-4476 0
-4477 0
4478 0
-4511 0
4546 0
-4561 0
-4562 0
-4563 0
-4564 0
-4565 0
-4566 0
-4567 0
-4568 0
-4569 0
-4570 0
-4571 0
-4583 0
-4584 0
-4585 0
-4586 0
-4587 0
-4588 0
-4589 0
-4590 0
-4591 0
-4592 0
-4593 0
-4636 0
-4637 0
-4638 0
-4639 0
-4640 0
-4641 0
-4642 0
-4643 0
-4644 0
4690 0
4691 0
-4733 0
-4750 0
-4754 0
-4755 0
-4756 0
-4757 0
4802 0
-4861 0
-4878 0
-4929 0
4962 0
4963 0
-5006 0
5010 0
5041 0
5042 0
5046 0
5058 0
5059 0
-5101 0
-5118 0
-5197 0
-5214 0
5223 0
5251 0
-5326 0
-5369 0
-5454 0
5462 0
5463 0
-5517 0
-5534 0
-5579 0
-5630 0
-5723 0
-5785 0
-5945 0
-5946 0
-5947 0
-5948 0
-5949 0
5950 0
-6025 0
-6026 0
-6054 0
-6056 0
-6058 0
6111 0
-6115 0
-6116 0
-6117 0
-6119 0
-6120 0
6129 0
6130 0
6131 0
6132 0
6133 0
6134 0
6135 0
6136 0
6138 0
6139 0
6140 0
6141 0
6142 0
6143 0
6144 0
6145 0
6146 0
6147 0
6148 0
6149 0
6150 0
6151 0
6152 0
6153 0
6154 0
6155 0
6156 0
6157 0
6158 0
6159 0
6160 0
6161 0
6162 0
6163 0
6164 0
6165 0
6166 0
6167 0
6168 0
6169 0
6170 0
6171 0
6172 0
6173 0
-6183 0
6263 0
-6264 0
-6266 0
-6267 0
6270 0
6271 0
6303 0
6304 0
6305 0
6339 0
-6350 0
6640 0
6933 0
6949 0
7031 0
-7034 0
-7035 0
-7036 0
-7037 0
-7038 0
-7039 0
-7040 0
-7041 0
-7042 0
-7043 0
-7044 0
-7054 0
-7109 0
7132 0
7133 0
7134 0
7178 0
7242 0
7243 0
7244 0
7251 0
-7258 0
-7259 0
-7260 0
-7367 0
7441 0
7442 0
7443 0
7444 0
-7461 0
-7500 0
-7501 0
-7502 0
-7503 0
-7504 0
-7505 0
-7506 0
-7507 0
-7508 0
7521 0
7522 0
7539 0
7540 0
-7567 0
7598 0
7599 0
7600 0
7601 0
7602 0
7603 0
7604 0
-7607 0
-7608 0
7777 0
7778 0
7779 0
7780 0
-7781 0
-7782 0
-7783 0
-7784 0
-7785 0
-7786 0
-7787 0
-7788 0
-7789 0
-7790 0
-7791 0
-7792 0
7793 0
7794 0
7795 0
7796 0
7797 0
7798 0
7799 0
-7823 0
-7824 0
-7843 0
-8105 0
8289 0
-8327 0
-8629 0
-8817 0
-9123 0
-9323 0
-9617 0
-9619 0
-9755 0
-9756 0
-9757 0
-9758 0
-9759 0
-9760 0
-9981 0
-10129 0
-10383 0
-10624 0
10625 0
10626 0
10627 0
-10637 0
-10638 0
-10657 0
10819 0
10823 0
10828 0
-10901 0
-10917 0
-10956 0
-10957 0
-10958 0
10976 0
10977 0
10978 0
11046 0
11047 0
11060 0
11069 0
-11387 0
-11423 0
-11657 0
-11681 0
-11682 0
-11683 0
-11684 0
-11685 0
-11686 0
-11687 0
-11785 0
-12071 0
12233 0
-12555 0
12563 0
12759 0
-12895 0
13607 0
-13651 0
13659 0
-13679 0
13831 0
-13841 0
-14079 0
-14665 0
-15164 0
-15172 0
-15180 0
-15188 0
-15196 0
-16000 0
-16171 0
-16357 0
16381 0
16389 0
16907 0
17515 0
-18000 0
-18112 0
-18403 0
-18648 0
-19061 0
19077 0
-21155 0
-21467 0
21891 0
-22315 0
-22416 0
-22527 0
-22543 0
-22629 0
-22645 0
22661 0
22927 0
22935 0
-77 0
93 0
411 0
-2315 0
2705 0
2895 0
3299 0
3439 0
-3528 0
-3540 0
-3544 0
-3548 0
-3556 0
-3560 0
-3568 0
-3576 0
-3648 0
-3652 0
-3656 0
-3664 0
3668 0
3708 0
3712 0
3716 0
3720 0
3723 0
3724 0
3727 0
3728 0
3736 0
3740 0
3744 0
3748 0
3751 0
3752 0
3760 0
3764 0
-3836 0
-3840 0
-3884 0
-3888 0
-3904 0
-3976 0
-3980 0
-3984 0
4036 0
4040 0
4072 0
4076 0
-4164 0
-4168 0
-4212 0
-4216 0
-4232 0
-4304 0
-4308 0
-4312 0
4364 0
4368 0
4400 0
4404 0
-4540 0
-4544 0
-4560 0
-4632 0
-4636 0
-4640 0
-4648 0
4652 0
4692 0
4696 0
4728 0
4732 0
4744 0
4748 0
-4820 0
-4824 0
-4868 0
-4872 0
-4888 0
-4960 0
-4964 0
5020 0
5024 0
5056 0
5060 0
-5196 0
-5200 0
-5216 0
-5288 0
-5292 0
-5296 0
5348 0
5352 0
5384 0
5388 0
-5524 0
-5528 0
-5544 0
-5616 0
-5620 0
-5624 0
-5632 0
5636 0
5676 0
5680 0
5707 0
5712 0
5716 0
5728 0
5732 0
-5804 0
-5808 0
-5852 0
-5856 0
-5872 0
-5944 0
-5948 0
-5952 0
-5960 0
5964 0
6004 0
6008 0
6040 0
6044 0
6056 0
6060 0
-6132 0
-6136 0
-6180 0
-6184 0
-6200 0
-6272 0
-6276 0
-6280 0
6332 0
6336 0
6368 0
6372 0
-6508 0
-6512 0
-6528 0
-6600 0
-6604 0
-6608 0
6660 0
6664 0
6696 0
6700 0
-6836 0
-6840 0
-6856 0
-6928 0
-6932 0
-6936 0
-6944 0
6948 0
6988 0
6992 0
7024 0
7028 0
7040 0
7044 0
-7116 0
-7120 0
-7164 0
-7168 0
-7184 0
-7256 0
-7260 0
-7264 0
7316 0
7320 0
7352 0
7356 0
-7492 0
-7496 0
-7512 0
-7516 0
-7518 0
-7584 0
-7588 0
-7592 0
-7616 0
7644 0
7648 0
7680 0
7684 0
-7820 0
-7824 0
-7840 0
-7912 0
-7916 0
7972 0
7976 0
8008 0
8012 0
-8148 0
-8152 0
-8168 0
-8240 0
-8244 0
8300 0
8304 0
8336 0
8340 0
-8476 0
-8480 0
-8496 0
-8568 0
-8572 0
-8576 0
-8584 0
8588 0
8628 0
8632 0
8664 0
8668 0
8680 0
8684 0
-8756 0
-8760 0
-8804 0
-8808 0
-8824 0
-8896 0
-8900 0
-8904 0
8956 0
8960 0
8992 0
8996 0
-9132 0
-9136 0
-9152 0
-9224 0
-9228 0
-9232 0
-9240 0
9244 0
9284 0
9288 0
9320 0
9324 0
9336 0
9340 0
-9412 0
-9416 0
-9460 0
-9464 0
-9480 0
-9552 0
-9556 0
-9560 0
9612 0
9616 0
9648 0
9652 0
-9788 0
-9792 0
-9808 0
-9880 0
-9884 0
-9888 0
9940 0
9944 0
9976 0
9980 0
-10116 0
-10120 0
-10136 0
-10208 0
-10212 0
-10216 0
-10224 0
10228 0
10268 0
10272 0
10304 0
10308 0
10320 0
10324 0
-10396 0
-10400 0
-10444 0
-10448 0
-10464 0
-10536 0
-10540 0
-10544 0
-10552 0
10556 0
10596 0
10600 0
10632 0
10636 0
10648 0
10652 0
-10724 0
-10728 0
-10772 0
-10776 0
-10792 0
-10864 0
-10868 0
-10872 0
-10880 0
10884 0
10924 0
10928 0
10960 0
10964 0
10976 0
10980 0
-11052 0
-11056 0
-11100 0
-11104 0
-11120 0
-11192 0
-11196 0
-11200 0
11252 0
11256 0
11283 0
11288 0
11292 0
-11428 0
-11432 0
-11448 0
-11520 0
-11524 0
-11528 0
-11536 0
11540 0
11580 0
11584 0
11616 0
11620 0
11632 0
11636 0
-11708 0
-11712 0
-11756 0
-11760 0
-11776 0
-11848 0
-11852 0
11908 0
11912 0
11944 0
11948 0
-12084 0
-12088 0
-12104 0
-12176 0
-12180 0
-12184 0
12236 0
12240 0
12272 0
12276 0
-12412 0
-12416 0
-13083 0
-13375 0
14051 0
14841 0
15031 0
16499 0
18095 0
18751 0
19647 0
-19944 0
22687 0
-251 0
2831 0
2847 0
2899 0
3159 0
3175 0
3227 0
3487 0
3503 0
3555 0
3729 0
3815 0
3831 0
3883 0
4159 0
4211 0
4471 0
4487 0
4539 0
4799 0
4815 0
4867 0
5369 0
5785 0
5931 0
5935 0
5975 0
-7967 0
8079 0
8203 0
-8295 0
8407 0
8764 0
8768 0
8771 0
8772 0
8775 0
8776 0
8784 0
8788 0
8799 0
8800 0
9440 0
9444 0
10679 0
-10747 0
12319 0
15297 0
15487 0
16193 0
-18619 0
20847 0
-20915 0
219 0
-379 0
511 0
2423 0
2427 0
-3227 0
3919 0
-3983 0
-3987 0
4575 0
-4643 0
10151 0
-10219 0
-10547 0
11195 0
11223 0
13499 0
14807 0
-14811 0
17039 0
-17107 0
-17435 0
-18091 0
18351 0
-18419 0
-19299 0
-19908 0
-19910 0
-20008 0
-20059 0
20372 0
20379 0
20380 0
20383 0
20384 0
20392 0
20396 0
20407 0
20408 0
20491 0
20495 0
20720 0
-21267 0
-684 0
-686 0
-784 0
-835 0
3619 0
-4443 0
4603 0
-5099 0
-5427 0
7025 0
7215 0
8009 0
8199 0
-9531 0
-9823 0
11003 0
11919 0
12475 0
12803 0
-16428 0
-16430 0
-16528 0
-16823 0
16865 0
17055 0
5583 0
-8284 0
-8288 0
-8300 0
-8304 0
-8316 0
-8320 0
-8344 0
-8352 0
-8484 0
-8488 0
8536 0
8540 0
8544 0
8548 0
8584 0
8588 0
8612 0
8616 0
8632 0
8680 0
8768 0
-10147 0
-10924 0
11657 0
12155 0
12756 0
12763 0
12764 0
12767 0
12768 0
12776 0
12780 0
12791 0
12792 0
13783 0
16993 0
17183 0
18715 0
20929 0
21119 0
22207 0
-22404 0
-228 0
267 0
695 0
1071 0
1171 0
1705 0
1895 0
1945 0
-2328 0
2365 0
2416 0
-2656 0
3700 0
3704 0
3707 0
3708 0
3711 0
3712 0
3720 0
3724 0
3735 0
3736 0
4959 0
-5027 0
11217 0
11407 0
12367 0
-14332 0
15809 0
15999 0
17669 0
-17819 0
18017 0
19291 0
-20115 0
21713 0
21903 0
22369 0
22559 0
-22963 0
-131 0
-2043 0
-2324 0
-2335 0
-3843 0
-4041 0
4484 0
4491 0
4492 0
4495 0
4496 0
4504 0
4508 0
4519 0
4520 0
-4752 0
-9419 0
-10075 0
-10155 0
-10571 0
-10648 0
-10652 0
-10656 0
10744 0
10748 0
-10863 0
-11715 0
12327 0
-13520 0
-13528 0
-13600 0
-13604 0
-13660 0
-13664 0
-13692 0
-13712 0
-13716 0
13720 0
-13808 0
15483 0
-16756 0
-16883 0
17267 0
18251 0
18299 0
20707 0
21071 0
22711 0
23039 0
-1019 0
-1187 0
-1479 0
-2079 0
-4148 0
-4150 0
-4248 0
5331 0
6307 0
-7147 0
-7803 0
-8083 0
-8085 0
-8131 0
-8183 0
8599 0
8927 0
9255 0
-9559 0
-9887 0
-10215 0
-10543 0
-11308 0
12867 0
13195 0
13559 0
13643 0
-14280 0
-14608 0
-14936 0
-15675 0
-16725 0
16939 0
16941 0
-16987 0
17039 0
-17920 0
-17992 0
-17996 0
-18000 0
-18008 0
18088 0
18104 0
18108 0
-18180 0
-18184 0
18200 0
-18228 0
-18232 0
18539 0
18867 0
-22235 0
22980 0
22984 0
22987 0
22988 0
22991 0
22992 0
23000 0
23004 0
-23011 0
23015 0
23016 0
-960 0
-1371 0
2089 0
2279 0
2444 0
2451 0
2452 0
2455 0
2456 0
2464 0
2468 0
2479 0
2480 0
4595 0
4887 0
-5963 0
5999 0
-6619 0
7009 0
7199 0
7603 0
7743 0
-7832 0
-7844 0
-7848 0
-7852 0
-7860 0
-7864 0
-7872 0
-7880 0
-7952 0
-7956 0
-7960 0
8012 0
8016 0
8048 0
8052 0
8112 0
8116 0
-8188 0
-8192 0
-9151 0
10155 0
10945 0
11135 0
12603 0
12703 0
14527 0
15751 0
-16048 0
-17397 0
17479 0
17725 0
17807 0
-18531 0
-18859 0
20995 0
21025 0
21111 0
21127 0
21681 0
22097 0
22243 0
22247 0
22287 0
-791 0
903 0
-1275 0
1588 0
1595 0
1596 0
1599 0
1600 0
1608 0
1612 0
1623 0
1624 0
1707 0
1711 0
2873 0
3063 0
4487 0
5043 0
5895 0
-7940 0
-7944 0
-7956 0
-7960 0
-7972 0
-7976 0
-8000 0
-8008 0
-8140 0
-8144 0
8192 0
8196 0
8200 0
8204 0
-8240 0
-8244 0
8268 0
8272 0
8288 0
8336 0
8424 0
-9475 0
-10252 0
10657 0
11155 0
11756 0
11763 0
11764 0
11767 0
11768 0
11776 0
11780 0
11791 0
11792 0
12783 0
15337 0
15527 0
17387 0
19601 0
19791 0
20879 0
-21076 0
-21732 0
21771 0
22527 0
22855 0
23231 0
171 0
705 0
895 0
945 0
-1328 0
1365 0
1416 0
-1656 0
1693 0
1744 0
2700 0
2704 0
2707 0
2708 0
2711 0
2712 0
2720 0
2724 0
2735 0
2736 0
3959 0
-4027 0
8577 0
8767 0
9727 0
-11692 0
12513 0
12703 0
-14045 0
-14195 0
14393 0
15011 0
15465 0
15655 0
16121 0
16311 0
-17043 0
-17371 0
-19236 0
-19247 0
-20755 0
-20953 0
21396 0
21403 0
21404 0
21407 0
21408 0
21416 0
21420 0
21431 0
21432 0
-21664 0
503 0
-1368 0
-1376 0
-1448 0
-1452 0
-1508 0
-1512 0
-1540 0
-1560 0
-1564 0
1568 0
-1608 0
-1612 0
-1656 0
2019 0
-2964 0
-3091 0
3475 0
3575 0
4651 0
4787 0
4887 0
6915 0
7279 0
8591 0
-9731 0
-10059 0
11083 0
11739 0
-11923 0
-12531 0
-12533 0
-12579 0
-12631 0
13047 0
-13351 0
-14116 0
14691 0
15139 0
15467 0
-16104 0
-16432 0
-16843 0
-17565 0
17779 0
17781 0
-17827 0
17879 0
19051 0
-19088 0
-19160 0
-19164 0
-19168 0
-19176 0
19256 0
19272 0
19276 0
-19348 0
-19352 0
19368 0
-19396 0
-19400 0
19707 0
-243 0
988 0
992 0
995 0
996 0
999 0
1000 0
1008 0
1012 0
-1019 0
1023 0
1024 0
-2128 0
-2539 0
3257 0
3447 0
3612 0
3619 0
3620 0
3623 0
3624 0
3632 0
3636 0
3647 0
3648 0
-5819 0
5855 0
6607 0
9991 0
10063 0
10295 0
10571 0
-11957 0
-11959 0
11961 0
-13809 0
-13811 0
13813 0
-13825 0
13841 0
-13845 0
-15307 0
-15309 0
15311 0
15333 0
-16215 0
-17441 0
-17443 0
17445 0
-18631 0
-18633 0
18635 0
-20211 0
-20261 0
-20263 0
20265 0
-23185 0
-23187 0
23189 0
-249 0
-251 0
253 0
-3805 0
3811 0
4099 0
-5479 0
-5483 0
-5489 0
-5491 0
-5493 0
-5495 0
-5497 0
-5501 0
8791 0
-9169 0
-9583 0
-9593 0
-9595 0
-9597 0
-9599 0
-9601 0
-9605 0
-12291 0
-12499 0
-12511 0
-12595 0
-13195 0
-13240 0
-13244 0
-13248 0
-13252 0
-13256 0
-13263 0
-13285 0
13289 0
-13307 0
13331 0
-13393 0
-13427 0
-13431 0
-13437 0
-13439 0
-13441 0
-13443 0
-13445 0
-13449 0
-13513 0
-13636 0
-13640 0
-13644 0
-13648 0
-13652 0
-13656 0
-13660 0
-13664 0
-13668 0
-13672 0
-13732 0
13765 0
-13807 0
-13809 0
13811 0
14007 0
14068 0
14072 0
14076 0
14080 0
14084 0
14088 0
14092 0
14107 0
14117 0
14123 0
14133 0
14145 0
14219 0
14235 0
14251 0
14267 0
14276 0
14280 0
14284 0
14288 0
14292 0
14296 0
14300 0
14304 0
14308 0
14501 0
14539 0
14595 0
14943 0
15037 0
15051 0
15167 0
15181 0
15212 0
15220 0
15224 0
15228 0
15232 0
15236 0
15363 0
15409 0
15463 0
15527 0
15569 0
15743 0
15765 0
15779 0
15845 0
-15907 0
15909 0
-15913 0
-15915 0
-15917 0
-15919 0
-15921 0
-15925 0
15927 0
-15931 0
-15935 0
-15941 0
-15943 0
-15945 0
-15947 0
-15949 0
-15953 0
16081 0
16159 0
16167 0
16183 0
16217 0
16224 0
16228 0
16232 0
16240 0
16244 0
16248 0
16256 0
16549 0
16569 0
-16585 0
16587 0
-16591 0
-16593 0
-16595 0
-16597 0
-16599 0
-16603 0
16605 0
-16609 0
-16613 0
-16619 0
-16621 0
-16623 0
-16625 0
-16627 0
-16631 0
16657 0
16871 0
-16901 0
-16905 0
16907 0
-16911 0
-16913 0
-16915 0
-16917 0
-16919 0
-16923 0
16925 0
-16929 0
-16933 0
-16939 0
-16941 0
-16943 0
-16945 0
-16947 0
-16951 0
17055 0
17121 0
17195 0
17207 0
17239 0
17255 0
17320 0
17344 0
17417 0
17459 0
17505 0
17559 0
17797 0
17821 0
17847 0
-17851 0
17853 0
-17857 0
-17859 0
-17861 0
-17865 0
-17869 0
17871 0
-17875 0
-17879 0
-17885 0
-17887 0
-17889 0
-17891 0
-17893 0
-17897 0
-17961 0
18077 0
18157 0
18301 0
18317 0
-18339 0
-18343 0
18345 0
-18349 0
-18351 0
-18353 0
-18355 0
-18357 0
-18361 0
18363 0
-18367 0
-18371 0
-18377 0
-18379 0
-18381 0
-18383 0
-18385 0
-18389 0
18399 0
18405 0
18429 0
18435 0
18485 0
18499 0
18505 0
18567 0
18663 0
18713 0
18859 0
18875 0
18963 0
19035 0
19041 0
-19095 0
19099 0
19125 0
19137 0
19185 0
19211 0
19511 0
19529 0
-19541 0
-19545 0
19547 0
-19551 0
-19553 0
-19555 0
-19557 0
-19559 0
-19563 0
19565 0
-19569 0
-19573 0
-19579 0
-19581 0
-19583 0
-19585 0
-19587 0
-19591 0
19645 0
19725 0
19731 0
19879 0
19897 0
-19913 0
19915 0
-19919 0
-19921 0
-19923 0
-19925 0
-19927 0
-19931 0
19933 0
-19937 0
-19941 0
-19947 0
-19949 0
-19951 0
-19953 0
-19955 0
-19959 0
19997 0
20009 0
20077 0
20089 0
20101 0
20149 0
20165 0
20177 0
20325 0
20551 0
-20585 0
20587 0
-20591 0
-20593 0
-20595 0
-20597 0
-20599 0
-20603 0
20605 0
-20609 0
-20613 0
-20619 0
-20621 0
-20623 0
-20625 0
-20627 0
-20631 0
20759 0
20823 0
-20853 0
-20855 0
20857 0
-20861 0
-20863 0
-20865 0
-20867 0
-20869 0
-20873 0
20875 0
-20879 0
-20883 0
-20889 0
-20891 0
-20893 0
-20895 0
-20897 0
-20901 0
21025 0
21079 0
21107 0
-21109 0
-21111 0
21113 0
-21117 0
-21119 0
-21121 0
-21123 0
-21125 0
-21129 0
21131 0
-21135 0
-21139 0
-21145 0
-21147 0
-21149 0
-21151 0
-21153 0
-21157 0
21231 0
21307 0
21319 0
21373 0
21387 0
21401 0
21408 0
21412 0
21416 0
21420 0
21428 0
21505 0
21541 0
21555 0
-21559 0
21561 0
-21565 0
-21567 0
-21569 0
-21573 0
-21577 0
21579 0
-21583 0
-21587 0
-21593 0
-21595 0
-21597 0
-21599 0
-21601 0
-21605 0
21653 0
21757 0
21779 0
21809 0
21823 0
21832 0
21836 0
21840 0
21848 0
21852 0
21856 0
21935 0
21951 0
21971 0
22071 0
22131 0
-22159 0
-22161 0
22163 0
-22167 0
-22169 0
-22171 0
-22173 0
-22175 0
-22179 0
22181 0
-22185 0
-22189 0
-22195 0
-22197 0
-22199 0
-22201 0
-22203 0
-22207 0
22349 0
22375 0
22553 0
22605 0
22647 0
22707 0
22721 0
22767 0
22783 0
-22793 0
-22795 0
22797 0
-22801 0
-22803 0
-22805 0
-22807 0
-22809 0
-22813 0
22815 0
-22819 0
-22823 0
-22829 0
-22831 0
-22833 0
-22835 0
-22837 0
-22841 0
22849 0
22941 0
23025 0
23101 0
23135 0
23165 0
-23169 0
23203 0
-23205 0
23207 0
-23219 0
23253 0
-23255 0
277 0
479 0
737 0
821 0
891 0
901 0
1045 0
1061 0
-1077 0
1079 0
-1083 0
-1085 0
-1087 0
-1089 0
-1091 0
-1095 0
1097 0
-1101 0
-1105 0
-1111 0
-1113 0
-1115 0
-1117 0
-1119 0
-1123 0
1175 0
1195 0
1243 0
1391 0
1451 0
1477 0
-1481 0
1483 0
-1487 0
-1489 0
-1491 0
-1495 0
-1499 0
1501 0
-1505 0
-1509 0
-1515 0
-1517 0
-1519 0
-1521 0
-1523 0
-1527 0
1535 0
1641 0
1701 0
-1733 0
1735 0
-1739 0
-1741 0
-1743 0
-1745 0
-1747 0
-1751 0
1753 0
-1757 0
-1761 0
-1767 0
-1769 0
-1771 0
-1773 0
-1775 0
-1779 0
-2979 0
-2989 0
-2991 0
-2993 0
-2995 0
-2997 0
-3001 0
-4559 0
-4569 0
-4571 0
-4573 0
-4575 0
-4577 0
-4587 0
-4591 0
-4597 0
-4599 0
-4601 0
-4603 0
-4605 0
-4609 0
-4681 0
6131 0
6599 0
7111 0
-7439 0
-7443 0
-7449 0
-7451 0
-7453 0
-7455 0
-7457 0
-7461 0
7701 0
-7703 0
-7709 0
7759 0
-7761 0
-7767 0
7849 0
-7851 0
-7857 0
-7865 0
-7869 0
7925 0
-7927 0
-7931 0
7939 0
-7941 0
-7945 0
7979 0
-7985 0
-7991 0
8013 0
-8031 0
-8037 0
8065 0
-8123 0
-8137 0
-8189 0
-8195 0
-8211 0
-8221 0
-8231 0
-8247 0
-8279 0
-8305 0
8307 0
-8323 0
8325 0
-8339 0
8341 0
-8355 0
8357 0
-8425 0
-8445 0
-8465 0
-8605 0
-8611 0
-8677 0
-8757 0
-8895 0
8903 0
-8905 0
-8911 0
8927 0
-8929 0
-8935 0
8945 0
-8961 0
8967 0
-8979 0
-8989 0
-8991 0
-8993 0
-8995 0
-8997 0
-9007 0
-9017 0
-9019 0
-9021 0
-9023 0
-9025 0
-9035 0
-9039 0
-9045 0
-9047 0
-9049 0
-9051 0
-9053 0
-9057 0
-9079 0
-9125 0
9329 0
9441 0
9487 0
9635 0
-9709 0
-9721 0
-10223 0
-10293 0
-10547 0
-10557 0
-10559 0
-10561 0
-10563 0
-10565 0
-10575 0
-10585 0
-10587 0
-10589 0
-10591 0
-10593 0
-10603 0
-10607 0
-10613 0
-10615 0
-10617 0
-10619 0
-10621 0
-10625 0
-10681 0
-10727 0
-10941 0
11077 0
11095 0
11113 0
-11123 0
-11129 0
11133 0
-11147 0
-11153 0
-11165 0
11177 0
11269 0
-11315 0
-11331 0
-11341 0
-11359 0
11401 0
11419 0
11435 0
-11451 0
11453 0
-11541 0
-11549 0
-11579 0
-11701 0
-11707 0
-11717 0
-11773 0
-11823 0
11835 0
-11855 0
-11865 0
-11867 0
-11869 0
-11871 0
-11873 0
-11883 0
11887 0
-11893 0
-11895 0
-11897 0
-11899 0
-11901 0
11905 0
-11911 0
-11915 0
-11921 0
-11923 0
-11925 0
-11927 0
-11929 0
-11933 0
12763 0
-13067 0
-13077 0
-13109 0
13187 0
-13193 0
13211 0
-13289 0
-13303 0
-13311 0
-13321 0
-13335 0
-13339 0
-13347 0
-13373 0
13383 0
-13389 0
-13443 0
13479 0
-13553 0
-13557 0
-13573 0
-13577 0
-13647 0
-13663 0
-13693 0
-13697 0
-13713 0
-13763 0
-13805 0
-13817 0
-13867 0
-13985 0
-13989 0
-13997 0
-14001 0
-14009 0
-14019 0
-14023 0
-14031 0
-14093 0
-14107 0
-14125 0
-14139 0
-14143 0
-14147 0
-14235 0
-14255 0
-14265 0
-14333 0
-14343 0
-14357 0
-14399 0
-14439 0
-14449 0
-14451 0
-14453 0
-14455 0
-14457 0
-14467 0
-14471 0
-14477 0
-14479 0
-14481 0
-14483 0
-14485 0
-14489 0
-14495 0
14499 0
-14505 0
-14507 0
-14509 0
-14511 0
-14513 0
14517 0
-14561 0
16959 0
-16967 0
-17009 0
17069 0
-17077 0
-17175 0
17221 0
-17227 0
17321 0
-17365 0
-17385 0
-17395 0
-17669 0
-17683 0
-17693 0
17755 0
-17763 0
-17785 0
-17815 0
-17819 0
-17827 0
-17895 0
-17899 0
-17905 0
-17907 0
-17909 0
-17913 0
-17917 0
-17923 0
-17927 0
-17933 0
-17935 0
-17937 0
-17941 0
-17945 0
-17985 0
-18041 0
-18093 0
-18147 0
-18187 0
19108 0
-20827 0
-20837 0
-20839 0
-20841 0
-20843 0
-20845 0
-20855 0
-20859 0
-20865 0
-20867 0
-20869 0
-20871 0
-20873 0
-20877 0
-20887 0
-21667 0
-21677 0
-21679 0
-21681 0
-21685 0
-21695 0
-21699 0
-21705 0
-21707 0
-21709 0
-21711 0
-21713 0
-21717 0
-21727 0
-21763 0
-21831 0
-21885 0
499 0
-1563 0
1569 0
-1573 0
-1575 0
-1577 0
1579 0
-1581 0
1587 0
-1591 0
-1595 0
-1601 0
-1603 0
-1605 0
-1607 0
-1609 0
-1613 0
-3417 0
3423 0
-3427 0
-3429 0
-3431 0
-3433 0
-3435 0
3441 0
-3445 0
-3449 0
-3455 0
-3457 0
-3459 0
-3461 0
-3463 0
-3467 0
-3879 0
4395 0
-4587 0
-4597 0
-4599 0
-4601 0
-4603 0
-4605 0
-4609 0
-4987 0
-4995 0
-5005 0
-5015 0
-5029 0
-5047 0
-5063 0
-5083 0
-5097 0
-5103 0
-5121 0
-5159 0
-5221 0
-5283 0
-5299 0
-5307 0
-5319 0
-5335 0
-5409 0
-5423 0
-5443 0
-5465 0
-5531 0
-5537 0
-5703 0
-5721 0
-5731 0
-5733 0
-5735 0
-5737 0
-5739 0
-5749 0
-5753 0
-5759 0
-5761 0
-5763 0
-5765 0
-5767 0
-5771 0
5947 0
6133 0
-6139 0
-6209 0
-6237 0
6361 0
-6369 0
-6375 0
-6381 0
-6445 0
-6467 0
-6483 0
-6503 0
-6521 0
-6535 0
6609 0
-6649 0
-6655 0
6667 0
-6673 0
6713 0
-6715 0
6731 0
-6733 0
6751 0
-6753 0
6771 0
-6773 0
-6841 0
6853 0
-6951 0
-6965 0
-6975 0
7079 0
-7085 0
-7107 0
-7135 0
-7213 0
7215 0
-7221 0
-7223 0
-7225 0
-7227 0
-7231 0
7233 0
7239 0
7243 0
-7249 0
-7251 0
-7253 0
-7255 0
-7257 0
7261 0
-7345 0
-7999 0
8783 0
8787 0
-8793 0
-8795 0
-8797 0
-8799 0
-8801 0
8805 0
-8909 0
-9105 0
-9125 0
-9133 0
-9185 0
-9239 0
-9257 0
-11293 0
-11297 0
-11303 0
-11305 0
-11307 0
-11309 0
-11311 0
-11315 0
-11325 0
-11463 0
-11467 0
-11473 0
-11475 0
-11477 0
-11479 0
-11481 0
-11485 0
-11623 0
-11627 0
-11633 0
-11635 0
-11637 0
-11639 0
-11641 0
-11645 0
-11855 0
11859 0
-11861 0
-11865 0
-11867 0
-11869 0
-11871 0
-11873 0
11877 0
-11879 0
-14053 0
-14079 0
-14083 0
-14093 0
-14095 0
-14099 0
-14107 0
-14111 0
-14125 0
-14131 0
-14213 0
-14221 0
-14285 0
-14433 0
-14437 0
-14623 0
-14631 0
-14651 0
14655 0
-14661 0
-14663 0
-14665 0
-14667 0
-14669 0
14673 0
-14679 0
-14683 0
-14689 0
-14691 0
-14693 0
-14695 0
-14697 0
-14701 0
-16727 0
-18091 0
-18101 0
-18103 0
-18105 0
-18107 0
-18109 0
-18119 0
-18129 0
-18131 0
-18133 0
18135 0
-18137 0
-18147 0
-18151 0
-18157 0
-18159 0
-18161 0
-18163 0
-18165 0
-18169 0
-18205 0
-18245 0
18439 0
-19575 0
-19585 0
-19587 0
-19589 0
-19591 0
-19593 0
-19597 0
-21081 0
-21085 0
-21091 0
-21093 0
-21095 0
-21097 0
-21099 0
-21103 0
-21169 0
-21203 0
-21251 0
-21491 0
21527 0
-21625 0
21681 0
21683 0
-21691 0
-21827 0
-21855 0
-21863 0
-21887 0
-21903 0
-21917 0
-21943 0
-21991 0
-22171 0
-22195 0
-22205 0
-22221 0
-22257 0
-22383 0
-22391 0
-22399 0
-22415 0
-22423 0
-22431 0
-22439 0
-22445 0
-22463 0
-22471 0
-22477 0
-22495 0
-22513 0
-22519 0
-22535 0
-22561 0
-22585 0
-22607 0
-22631 0
-22709 0
-22953 0
1187 0
-1199 0
-1209 0
-1211 0
-1213 0
-1215 0
-1217 0
-1227 0
-1231 0
-1237 0
-1239 0
-1241 0
-1243 0
-1245 0
-1249 0
-1271 0
1451 0
1787 0
-2149 0
-2153 0
-2159 0
-2161 0
-2163 0
-2165 0
-2167 0
-2171 0
-2177 0
-2181 0
-2187 0
-2189 0
-2191 0
-2193 0
-2195 0
-2199 0
-2249 0
-2951 0
-2955 0
-2961 0
-2963 0
-2965 0
-2967 0
-2969 0
-2973 0
3431 0
-4795 0
-4963 0
-5257 0
-5261 0
-5267 0
-5269 0
-5271 0
-5273 0
-5275 0
-5279 0
-5355 0
-5483 0
-5605 0
-5609 0
-5615 0
-5617 0
-5619 0
-5621 0
-5623 0
-5627 0
-5935 0
-5939 0
-5945 0
-5947 0
-5949 0
-5951 0
-5953 0
-5957 0
5963 0
-5965 0
-5967 0
-5973 0
-5975 0
-5977 0
-5979 0
5981 0
-5983 0
-5985 0
-5995 0
6479 0
-6783 0
-6787 0
-6793 0
-6795 0
-6797 0
-6799 0
-6801 0
-6805 0
-6857 0
-6893 0
7181 0
-7185 0
-7191 0
-7193 0
-7195 0
-7197 0
-7199 0
-7203 0
7369 0
-7371 0
-7373 0
-7379 0
-7381 0
-7383 0
-7385 0
-7387 0
-7391 0
8359 0
-9483 0
-9493 0
-9495 0
-9497 0
-9501 0
10535 0
-11531 0
-11541 0
-11543 0
-11545 0
-11547 0
-11549 0
-11559 0
-11563 0
-11569 0
-11571 0
-11573 0
-11575 0
-11577 0
-11581 0
13871 0
-14215 0
14221 0
-14225 0
-14227 0
-14229 0
-14231 0
-14233 0
14239 0
-14243 0
-14247 0
-14253 0
-14255 0
-14257 0
-14259 0
-14261 0
-14265 0
-14377 0
-18707 0
-18711 0
-18717 0
-18719 0
-18721 0
-18723 0
-18725 0
-18729 0
-18735 0
-18739 0
-18745 0
-18747 0
-18749 0
-18751 0
-18753 0
-18757 0
-18797 0
-18831 0
-18867 0
-18873 0
18907 0
-18915 0
-18951 0
-18969 0
19003 0
-19023 0
-19069 0
-19823 0
-19975 0
-19981 0
-19983 0
-19985 0
-19987 0
-19989 0
-19993 0
20043 0
-20047 0
-20573 0
-20577 0
-20583 0
-20585 0
-20587 0
-20589 0
-20591 0
-20595 0
-20851 0
-20855 0
-20861 0
-20863 0
-20865 0
-20867 0
-20869 0
-20873 0
-21189 0
-21193 0
-21199 0
-21201 0
-21203 0
-21205 0
-21207 0
-21211 0
-21775 0
-21781 0
-21783 0
-21785 0
-21787 0
-21789 0
-21793 0
22107 0
-22109 0
-22111 0
-22117 0
-22119 0
-22121 0
-22123 0
-22125 0
-22129 0
-22177 0
-22209 0
-22857 0
-22861 0
-22867 0
-22869 0
-22871 0
-22873 0
-22875 0
-22879 0
-23095 0
-23099 0
-23105 0
-23107 0
-23109 0
-23111 0
-23113 0
-23117 0
-235 0
-239 0
-245 0
-247 0
-249 0
-251 0
-253 0
-257 0
-545 0
-1371 0
-1377 0
-1379 0
-1381 0
-1383 0
-1385 0
-1389 0
1719 0
-1723 0
-1729 0
-1731 0
-1733 0
-1735 0
1737 0
-1741 0
-1751 0
-1963 0
-1967 0
-1973 0
-1975 0
-1977 0
-1979 0
-1981 0
-1985 0
-1991 0
-1995 0
-2001 0
-2003 0
-2005 0
-2009 0
-2013 0
-2293 0
-2295 0
-2301 0
-2303 0
-2305 0
-2307 0
-2311 0
-2313 0
-2345 0
-2745 0
-2747 0
-2753 0
-2755 0
-2757 0
-2759 0
-2761 0
-2765 0
-4759 0
-4765 0
-4767 0
-4769 0
-4771 0
-4773 0
-4777 0
-5053 0
-5057 0
-5063 0
-5065 0
-5067 0
-5071 0
-5075 0
5323 0
-5327 0
-5333 0
-5335 0
-5337 0
-5339 0
-5341 0
-5345 0
-5581 0
-5587 0
-5589 0
-5591 0
-5593 0
-5595 0
-5599 0
-6575 0
-6579 0
-6585 0
-6587 0
-6589 0
-6591 0
-6593 0
6597 0
-6747 0
-6753 0
-6755 0
-6757 0
-6759 0
-6761 0
-6765 0
-6919 0
-7099 0
-7103 0
-7109 0
-7111 0
-7113 0
-7115 0
-7117 0
-8143 0
-8149 0
-8151 0
-8153 0
-8155 0
-8157 0
-8161 0
8527 0
-8597 0
-8625 0
-8661 0
-8701 0
-8747 0
-8795 0
9537 0
-9541 0
-9547 0
-9549 0
-9551 0
-9553 0
-9555 0
-9559 0
-9749 0
-9751 0
-9757 0
-9759 0
-9761 0
-9763 0
-9765 0
-9769 0
11107 0
-12003 0
-12009 0
-12011 0
-12013 0
-12015 0
-12017 0
-12021 0
-12275 0
-12281 0
-12283 0
-12285 0
-12287 0
-12289 0
-12293 0
-12545 0
-12547 0
-12553 0
-12555 0
-12557 0
-12559 0
-12561 0
-12565 0
-13131 0
-13137 0
-13139 0
-13141 0
-13143 0
-13145 0
-13149 0
-13407 0
-13413 0
-13415 0
-13417 0
-13419 0
-13421 0
-13425 0
13711 0
-13715 0
-13721 0
-13723 0
-13725 0
-13727 0
-13729 0
-13733 0
-13905 0
-13909 0
-13915 0
-13917 0
-13919 0
-13921 0
-13923 0
-13927 0
14239 0
-14243 0
-14249 0
-14251 0
-14253 0
-14255 0
-14257 0
-14261 0
-14437 0
-14439 0
-14445 0
-14447 0
-14449 0
-14451 0
-14453 0
-14457 0
14675 0
-15071 0
-15075 0
-15081 0
-15083 0
-15085 0
-15087 0
-15089 0
-15093 0
-15103 0
-15141 0
15427 0
16137 0
-16139 0
-16141 0
-16147 0
-16149 0
-16151 0
-16153 0
-16155 0
-16159 0
-16503 0
-16509 0
-16511 0
-16513 0
-16515 0
-16517 0
-16521 0
-16837 0
-17129 0
-17135 0
-17137 0
-17139 0
-17141 0
-17143 0
-17147 0
17393 0
-17397 0
-17403 0
-17405 0
-17407 0
-17409 0
-17411 0
-17415 0
17911 0
-18127 0
-18133 0
-18135 0
-18137 0
-18139 0
-18141 0
-18145 0
-18397 0
-18399 0
-18405 0
-18407 0
-18409 0
-18411 0
-18413 0
-18417 0
-18683 0
-18689 0
-18691 0
-18693 0
-18695 0
-18697 0
-18701 0
-18859 0
-18865 0
-18867 0
-18869 0
-18871 0
-18873 0
-18877 0
-19197 0
-19203 0
-19205 0
-19207 0
-19209 0
-19211 0
-19215 0
-19221 0
-19225 0
-19231 0
-19233 0
-19235 0
-19237 0
-19239 0
-19243 0
-19511 0
-19517 0
-19519 0
-19521 0
-19523 0
-19525 0
-19529 0
-19829 0
-19831 0
-19837 0
-19839 0
-19841 0
-19843 0
-19845 0
-19849 0
-20219 0
-20763 0
-20773 0
-20775 0
-20777 0
-20779 0
-20781 0
-20795 0
-22171 0
-22181 0
-22183 0
-22185 0
-22187 0
-22189 0
-22193 0
-23159 0
23311 0
335 0
361 0
427 0
541 0
651 0
665 0
731 0
747 0
763 0
779 0
796 0
937 0
947 0
1055 0
1059 0
1071 0
1105 0
1251 0
1265 0
-1407 0
-1417 0
-1419 0
-1421 0
-1423 0
-1425 0
-1435 0
-1445 0
-1447 0
-1449 0
-1453 0
-1463 0
-1467 0
-1473 0
-1475 0
-1477 0
-1479 0
-1481 0
-1485 0
-1525 0
-1563 0
-2769 0
-2779 0
-2781 0
-2783 0
-2785 0
-2787 0
-5107 0
-5117 0
-5119 0
-5121 0
-5123 0
-5125 0
5763 0
6323 0
6631 0
-6893 0
-6897 0
-6903 0
-6905 0
-6907 0
-6909 0
-6911 0
-6915 0
-6925 0
-7603 0
-7613 0
-7615 0
-7617 0
-7619 0
-7621 0
-7625 0
-8567 0
-8577 0
-8579 0
-8581 0
-8583 0
-8585 0
-8589 0
-8617 0
10299 0
-10481 0
-10533 0
11211 0
-11347 0
-11351 0
-11357 0
-11359 0
-11361 0
11363 0
11365 0
-11367 0
-11369 0
11375 0
-11377 0
-11379 0
-11385 0
-11387 0
-11389 0
11391 0
11393 0
-11395 0
-11397 0
-11429 0
-11821 0
-11827 0
-11829 0
-11831 0
-11833 0
-11835 0
-11839 0
12381 0
-12383 0
-12385 0
-12391 0
-12393 0
-12395 0
-12397 0
12399 0
-12401 0
-12403 0
-12409 0
-12413 0
-12419 0
-12421 0
-12423 0
-12425 0
-12427 0
-12431 0
-12457 0
-12665 0
-12667 0
-12673 0
-12675 0
-12677 0
-12679 0
-12681 0
-12685 0
-12811 0
-12817 0
-12819 0
-12821 0
-12823 0
-12825 0
-12829 0
-13413 0
-14357 0
-14363 0
-14365 0
-14367 0
-14369 0
-14371 0
-14375 0
14607 0
-14611 0
-14617 0
-14619 0
-14621 0
-14623 0
14625 0
-14627 0
-14629 0
14635 0
-14639 0
-14645 0
-14647 0
-14649 0
-14651 0
-14653 0
-14657 0
-14879 0
-14885 0
-14887 0
-14889 0
-14891 0
-14893 0
-14897 0
15021 0
-15025 0
-15031 0
-15033 0
-15035 0
-15037 0
-15039 0
-15043 0
-15413 0
-15419 0
-15421 0
-15423 0
-15425 0
-15427 0
-15431 0
-16807 0
-16809 0
-16815 0
-16817 0
-16819 0
-16821 0
-16823 0
-16827 0
-17181 0
-17187 0
-17189 0
-17191 0
-17193 0
-17195 0
-17199 0
18391 0
-19947 0
-19957 0
-19959 0
-19961 0
-19965 0
-19969 0
-20435 0
-21199 0
-21209 0
-21211 0
-21213 0
-21215 0
21217 0
-21221 0
-23159 0
23165 0
-23169 0
-23171 0
-23173 0
23175 0
23177 0
-23181 0
-23233 0
-891 0
-983 0
-1163 0
-1173 0
-1175 0
-1177 0
-1179 0
-1181 0
-1185 0
2299 0
-2387 0
-2397 0
-2399 0
-2401 0
-2403 0
-2405 0
-2931 0
-3239 0
-3243 0
-3249 0
-3251 0
-3253 0
-3255 0
-3257 0
-3261 0
-3679 0
-3759 0
-4023 0
-4033 0
-4035 0
-4037 0
-4039 0
-4041 0
-4045 0
-5416 0
-5420 0
-5424 0
-5428 0
-5432 0
-5436 0
-5440 0
-5447 0
-5457 0
-5459 0
-5461 0
-5463 0
-5465 0
-5475 0
-5479 0
-5485 0
-5487 0
-5489 0
-5491 0
-5493 0
-5497 0
-5521 0
-5579 0
-5824 0
-5828 0
-5832 0
-5836 0
-5840 0
-5844 0
-5848 0
5928 0
5932 0
5936 0
5940 0
5944 0
5948 0
5952 0
6072 0
6076 0
6084 0
6096 0
6108 0
6112 0
6160 0
6184 0
6188 0
6340 0
6543 0
-8343 0
-8353 0
-8355 0
-8357 0
-8359 0
-8361 0
-8375 0
8961 0
9027 0
-9603 0
-9613 0
-9615 0
-9617 0
-9619 0
-9621 0
-9631 0
-9635 0
-9641 0
-9643 0
-9645 0
-9647 0
-9649 0
-9653 0
-10151 0
-10939 0
-10943 0
-10949 0
-10951 0
-10953 0
-10957 0
-10961 0
-10967 0
-10971 0
-10977 0
-10979 0
-10981 0
-10983 0
-10985 0
-10989 0
-11069 0
-11105 0
-11175 0
-11197 0
-11267 0
-11327 0
-11337 0
-11353 0
-11371 0
-11387 0
-11397 0
-11405 0
-11419 0
-11425 0
-11441 0
-11479 0
-11533 0
-11551 0
-11609 0
-11619 0
-11623 0
-11635 0
-11651 0
-11719 0
-11737 0
-11753 0
-11771 0
-11843 0
-11869 0
-11933 0
-11943 0
-12011 0
-12021 0
-12023 0
-12025 0
12027 0
-12029 0
-12039 0
-12043 0
-12049 0
-12051 0
-12053 0
-12055 0
-12057 0
-12061 0
-12071 0
-12105 0
-12157 0
13179 0
-13181 0
13183 0
-13189 0
-13191 0
-13193 0
-13195 0
-13197 0
13201 0
-13855 0
13859 0
-13865 0
-13867 0
-13869 0
-13871 0
-13873 0
13877 0
-13905 0
14667 0
-14995 0
-15005 0
-15007 0
-15009 0
-15013 0
-15045 0
-15097 0
-15153 0
-16455 0
-16459 0
-16465 0
-16467 0
-16469 0
-16471 0
-16473 0
-16477 0
-16581 0
-16619 0
16655 0
-16657 0
16659 0
17223 0
17383 0
17633 0
-17759 0
-18307 0
-18317 0
-18319 0
-18321 0
-18325 0
-18335 0
-18345 0
-18347 0
-18349 0
-18353 0
-18363 0
18367 0
-18373 0
-18375 0
-18377 0
-18379 0
-18381 0
18385 0
-18421 0
-18477 0
-18533 0
-18587 0
-18643 0
-19227 0
-20457 0
20463 0
-20467 0
-20469 0
-20471 0
-20473 0
-20475 0
-20479 0
-21435 0
-21441 0
-21445 0
-21447 0
-21449 0
-21451 0
-21453 0
-21459 0
-22439 0
22483 0
-22499 0
-22505 0
22521 0
-22529 0
-22545 0
-22547 0
22581 0
-22595 0
-22603 0
-22607 0
22617 0
22633 0
22645 0
-22669 0
-22699 0
-22703 0
22721 0
22723 0
-22743 0
22755 0
-743 0
-747 0
-753 0
-755 0
-757 0
-759 0
-761 0
-765 0
-791 0
1367 0
-1627 0
1631 0
-1633 0
-1637 0
-1639 0
-1641 0
-1643 0
1645 0
-1647 0
-1649 0
-1655 0
1659 0
-1661 0
-1665 0
-1667 0
-1669 0
-1671 0
-1673 0
1677 0
-1679 0
1751 0
-1901 0
-1939 0
1975 0
2645 0
2653 0
2773 0
2779 0
2933 0
2945 0
2957 0
2969 0
3069 0
3079 0
3089 0
3099 0
3301 0
-3351 0
-3361 0
-3363 0
-3365 0
3367 0
-3369 0
3379 0
-3381 0
-3383 0
-3389 0
-3391 0
-3393 0
-3395 0
-3397 0
-3401 0
-3819 0
-4471 0
-4481 0
-4483 0
-4485 0
-4487 0
-4489 0
4499 0
-4501 0
-4503 0
-4509 0
-4511 0
-4513 0
-4515 0
-4517 0
-4521 0
4955 0
-5331 0
5423 0
5495 0
-5497 0
5505 0
5507 0
5515 0
5583 0
-5585 0
5591 0
5593 0
-5823 0
5827 0
5829 0
-5835 0
-5855 0
5865 0
5867 0
5893 0
5895 0
5899 0
-5945 0
5965 0
5967 0
-6117 0
-6169 0
-6209 0
6247 0
-8075 0
-8079 0
-8081 0
-8085 0
-8087 0
8089 0
8091 0
-8093 0
-8097 0
-8099 0
-8103 0
-8107 0
-8113 0
-8115 0
-8117 0
-8119 0
-8121 0
-8125 0
-8631 0
-8635 0
-8637 0
-8641 0
-8643 0
-8645 0
-8647 0
-8649 0
-8653 0
-10059 0
-10069 0
-10071 0
-10073 0
10075 0
-10077 0
-10087 0
-10091 0
-10097 0
-10099 0
-10101 0
-10103 0
-10105 0
-10109 0
-10133 0
-10189 0
10463 0
-11475 0
12323 0
12515 0
13059 0
14651 0
16207 0
-16707 0
-16711 0
-16755 0
-16759 0
-16767 0
-16843 0
-16847 0
-16855 0
16937 0
16957 0
16977 0
16997 0
17005 0
17017 0
-17031 0
17043 0
17107 0
-17157 0
-17163 0
-17177 0
-17187 0
-17217 0
-17231 0
-17261 0
-17295 0
-17299 0
-17309 0
-17313 0
-17317 0
-17337 0
-17405 0
-17415 0
-17429 0
-17453 0
-17465 0
-17489 0
-17513 0
-17525 0
-17605 0
-17611 0
-17619 0
-17625 0
-17635 0
-17665 0
-17679 0
-17709 0
-17743 0
-17747 0
-17757 0
-17761 0
-17765 0
-17785 0
-17865 0
17889 0
-17903 0
17921 0
-18075 0
-18079 0
-18099 0
-18103 0
-18111 0
-18123 0
18141 0
-18153 0
-18163 0
-18165 0
-18167 0
-18169 0
-18171 0
-18181 0
-18185 0
-18191 0
-18193 0
-18195 0
-18197 0
-18199 0
-18203 0
-18213 0
-19723 0
-20339 0
-20349 0
-20351 0
-20353 0
-20355 0
-20357 0
-20361 0
-20477 0
21937 0
-22943 0
-22953 0
-22955 0
-22957 0
-22959 0
-22961 0
-22971 0
-22975 0
-22981 0
-22983 0
-22985 0
-22987 0
-22989 0
-22993 0
-23017 0
-23051 0
-715 0
-1019 0
-1029 0
-1031 0
-1033 0
-1035 0
-1037 0
-1047 0
-1051 0
-1057 0
-1059 0
-1061 0
-1063 0
-1065 0
-1069 0
-1129 0
-1185 0
1823 0
1895 0
-1897 0
1905 0
1907 0
1915 0
-2277 0
-2325 0
-2361 0
-2415 0
-2469 0
-2525 0
-3343 0
-3359 0
-3377 0
-3463 0
-3491 0
3495 0
-3505 0
-3521 0
3523 0
3527 0
-3569 0
3587 0
-3591 0
-3621 0
3649 0
-3849 0
-3869 0
-3883 0
-3899 0
-3909 0
-3921 0
-3935 0
-3939 0
-3955 0
-4023 0
-4041 0
-4107 0
-4121 0
-4171 0
-4189 0
-4209 0
-4227 0
4263 0
-4311 0
-4455 0
-4477 0
-4545 0
-4595 0
-4605 0
-4607 0
-4609 0
-4611 0
-4613 0
-4623 0
-4627 0
-4633 0
-4635 0
-4637 0
-4639 0
-4641 0
-4645 0
-4677 0
4877 0
4927 0
4963 0
4977 0
4981 0
4987 0
5003 0
5019 0
5027 0
5037 0
5063 0
5113 0
5129 0
5135 0
5181 0
5191 0
5195 0
5207 0
5221 0
5291 0
5309 0
5323 0
5337 0
5401 0
5407 0
5429 0
5539 0
5549 0
-5575 0
-5581 0
-5585 0
-5587 0
-5589 0
-5591 0
-5593 0
-5599 0
-5603 0
-5607 0
-5613 0
-5615 0
-5617 0
-5619 0
-5621 0
-5625 0
-5687 0
7017 0
7089 0
-7091 0
7099 0
7101 0
7109 0
-7263 0
7895 0
8421 0
8455 0
8473 0
8483 0
8569 0
8719 0
8747 0
8763 0
8821 0
8849 0
8971 0
9199 0
9233 0
-9283 0
-9293 0
-9295 0
-9297 0
-9299 0
-9301 0
-9311 0
-9315 0
-9321 0
-9323 0
-9325 0
-9327 0
-9329 0
-9333 0
-9343 0
9499 0
9513 0
9539 0
9563 0
9573 0
9595 0
9639 0
9835 0
9849 0
-10327 0
10788 0
-11327 0
-11373 0
-11457 0
11497 0
11517 0
11537 0
-11547 0
11557 0
11565 0
11577 0
-11591 0
11605 0
-11687 0
11699 0
-11765 0
-11783 0
-11795 0
-11823 0
11881 0
11899 0
11915 0
-11931 0
11933 0
-11959 0
-12047 0
-12113 0
-12123 0
-12159 0
-12289 0
-12303 0
-12305 0
-12309 0
-12325 0
-12339 0
-12341 0
-12345 0
-12507 0
-12529 0
-12541 0
12599 0
-12663 0
-12669 0
-12673 0
-12675 0
-12677 0
-12679 0
-12681 0
-12687 0
-12691 0
-12695 0
-12701 0
-12703 0
-12705 0
-12707 0
-12709 0
-12713 0
-13927 0
-15755 0
-15765 0
-15767 0
-15769 0
-15771 0
-15773 0
-15841 0
-20935 0
-20945 0
-20947 0
-20949 0
-20951 0
-20953 0
-20963 0
-20967 0
-20973 0
-20975 0
-20977 0
-20979 0
-20981 0
-20985 0
-21027 0
21103 0
21147 0
21161 0
21235 0
21253 0
21269 0
21285 0
21300 0
21365 0
21375 0
21527 0
21743 0
-363 0
-373 0
-375 0
-377 0
379 0
-381 0
-489 0
-537 0
-577 0
2909 0
-4467 0
-4477 0
-4479 0
-4481 0
-4485 0
-4499 0
-4537 0
-4589 0
-4645 0
-7815 0
-7819 0
-7821 0
-7825 0
-7827 0
-7829 0
-7831 0
-7833 0
-7837 0
9017 0
-10983 0
10989 0
-10993 0
-10995 0
-10997 0
-10999 0
-11001 0
11007 0
11011 0
-11015 0
-11021 0
-11023 0
-11025 0
-11027 0
-11029 0
-11033 0
-11207 0
-11275 0
-11281 0
-11297 0
-11351 0
-11377 0
-11405 0
-11419 0
-11461 0
11463 0
-11469 0
-11579 0
11581 0
-11625 0
-11631 0
-11725 0
-11859 0
-11873 0
-11883 0
-12049 0
-12083 0
-12089 0
-12105 0
-12147 0
-12187 0
-12197 0
-12199 0
-12201 0
12203 0
-12205 0
-12215 0
-12219 0
-12225 0
-12227 0
-12229 0
-12231 0
-12233 0
-12237 0
-12243 0
-12247 0
-12287 0
-12667 0
12729 0
-13059 0
-13075 0
-13081 0
-13113 0
13165 0
13169 0
13185 0
13189 0
-13325 0
-13349 0
13373 0
13377 0
-13783 0
-13793 0
-13795 0
-13797 0
-13799 0
-13801 0
-13811 0
-13815 0
-13821 0
-13823 0
-13825 0
-13827 0
-13829 0
-13833 0
-13857 0
-13915 0
-14349 0
-14353 0
-14355 0
-14369 0
-14381 0
-14387 0
14407 0
-14409 0
-14411 0
-14415 0
14423 0
14429 0
-14431 0
-14481 0
-14513 0
-14581 0
-14603 0
-14605 0
-14613 0
-14627 0
-14637 0
-14639 0
-14647 0
-14681 0
-14691 0
-14701 0
-14703 0
-14711 0
-14727 0
-14729 0
-14737 0
-14739 0
-14747 0
-14771 0
-14773 0
-14781 0
-14791 0
-14803 0
-14805 0
-14813 0
-14841 0
-14853 0
-14863 0
-14865 0
-14873 0
-14887 0
-14915 0
-14929 0
-14949 0
-14951 0
-14959 0
15023 0
-15033 0
-15051 0
-15069 0
-15087 0
-15105 0
-15123 0
-15141 0
-15159 0
-15177 0
15185 0
-15187 0
-15197 0
15205 0
15207 0
-15217 0
15225 0
-15237 0
-15325 0
-15347 0
-15349 0
-15357 0
-15371 0
-15381 0
-15383 0
-15391 0
-15425 0
-15435 0
-15445 0
-15447 0
-15455 0
-15471 0
-15473 0
-15481 0
-15483 0
-15491 0
-15515 0
-15517 0
-15525 0
-15535 0
-15547 0
-15549 0
-15557 0
-15585 0
-15593 0
-15597 0
-15607 0
-15609 0
-15617 0
-15625 0
-15631 0
-15659 0
-15667 0
-15673 0
-15693 0
-15695 0
-15703 0
-15789 0
-15795 0
-15799 0
-15989 0
-15995 0
-15999 0
-16001 0
-16003 0
-16005 0
-16007 0
-16013 0
-16017 0
-16021 0
-16027 0
-16029 0
-16031 0
-16033 0
-16035 0
-16039 0
-16513 0
-16545 0
-16871 0
-16907 0
-16943 0
-16979 0
-17013 0
-17049 0
-17083 0
-17119 0
-17137 0
-17153 0
-17187 0
-17233 0
-17281 0
-17571 0
-17595 0
-17653 0
-17823 0
-17829 0
-17833 0
-17835 0
-17837 0
17839 0
-17841 0
-17847 0
-17851 0
-17855 0
-17861 0
-17863 0
-17865 0
-17867 0
-17869 0
-17873 0
-18019 0
-18119 0
-18311 0
-18391 0
-18415 0
-18421 0
-18425 0
-18427 0
-18429 0
18431 0
-18433 0
-18439 0
-18443 0
-18447 0
-18453 0
-18455 0
-18457 0
-18459 0
-18461 0
-18465 0
-19815 0
-19825 0
-19827 0
-19829 0
-19831 0
-19833 0
-19837 0
-19883 0
-19907 0
19923 0
-19995 0
20031 0
-20081 0
-20097 0
-20235 0
-20251 0
-20335 0
-20345 0
-20347 0
-20349 0
-20351 0
-20353 0
-20363 0
-20367 0
-20373 0
-20375 0
-20377 0
-20379 0
-20381 0
-20385 0
-20403 0
-20459 0
-21347 0
-21357 0
-21359 0
-21361 0
-21363 0
-21365 0
-21369 0
-21461 0
-21471 0
-21473 0
-21475 0
-21477 0
-21479 0
-21483 0
22071 0
-22771 0
-22781 0
-22783 0
-22785 0
-22787 0
-22789 0
-22889 0
-22927 0
853 0
1293 0
-1345 0
1365 0
1375 0
1393 0
1453 0
1457 0
1499 0
-1519 0
1571 0
1699 0
-1713 0
1737 0
2065 0
2077 0
-2085 0
-2095 0
-2097 0
2099 0
-2103 0
-2107 0
-2109 0
-2113 0
-2117 0
-2123 0
-2125 0
-2127 0
-2129 0
-2131 0
-2135 0
2189 0
-2199 0
-2251 0
2323 0
2339 0
2347 0
2379 0
2393 0
2425 0
2440 0
2629 0
2645 0
-3983 0
3987 0
-3993 0
-3995 0
-3997 0
-3999 0
-4001 0
4005 0
-4015 0
-5751 0
-5807 0
-6385 0
-6395 0
-6433 0
-6449 0
-6469 0
-6485 0
-6503 0
-6517 0
-6523 0
-6539 0
-6643 0
-6699 0
-6705 0
-6719 0
-6761 0
-6779 0
-6799 0
-6819 0
-6887 0
-6895 0
-6913 0
-7071 0
-7091 0
7097 0
-7101 0
-7103 0
-7105 0
-7107 0
-7109 0
7115 0
-7121 0
-7227 0
-7255 0
-7275 0
-7293 0
-7569 0
-7599 0
-7739 0
7745 0
-7749 0
-7751 0
-7753 0
-7755 0
-7757 0
7763 0
-7767 0
-7771 0
-7777 0
-7779 0
-7781 0
-7783 0
-7785 0
-7789 0
-7799 0
-8513 0
-8517 0
-8523 0
-8525 0
-8527 0
-8531 0
-8535 0
8595 0
-8823 0
8827 0
-8833 0
-8835 0
-8837 0
-8839 0
-8841 0
8845 0
-8855 0
9615 0
-9819 0
9823 0
-9829 0
-9831 0
-9833 0
-9837 0
-9841 0
-9851 0
10943 0
11033 0
-11035 0
11045 0
11047 0
11383 0
-11613 0
11617 0
-11623 0
-11625 0
-11627 0
-11629 0
-11631 0
11635 0
-14159 0
-14163 0
-14165 0
-14169 0
-14171 0
-14173 0
-14177 0
-14181 0
-14183 0
-14187 0
-14191 0
-14197 0
-14199 0
-14201 0
-14203 0
-14205 0
-14209 0
15807 0
-15995 0
-16005 0
-16007 0
-16009 0
-16011 0
-16013 0
-16027 0
16169 0
16205 0
16377 0
16509 0
16513 0
16579 0
16597 0
16601 0
16651 0
16667 0
16671 0
16753 0
16757 0
-18171 0
-18181 0
-18183 0
-18185 0
-18187 0
-18189 0
-18193 0
-19133 0
-19143 0
-19145 0
-19147 0
-19149 0
-19151 0
-19155 0
-19413 0
-19481 0
-19491 0
-19509 0
-19529 0
-19545 0
-19555 0
-19563 0
-19577 0
-19583 0
-19599 0
-19639 0
-19697 0
-19715 0
-19779 0
-19797 0
-19809 0
-19829 0
-19911 0
-19929 0
-19947 0
-19967 0
-20035 0
-20099 0
-20113 0
-20139 0
-20149 0
-20235 0
-20245 0
-20247 0
-20249 0
-20251 0
-20253 0
-20263 0
-20267 0
-20273 0
-20275 0
-20277 0
-20279 0
-20281 0
-20285 0
-20341 0
-20345 0
-20393 0
-20481 0
-20547 0
-20585 0
-20665 0
-20691 0
20695 0
-20785 0
20795 0
-20807 0
20809 0
-20811 0
20855 0
20905 0
20913 0
-20957 0
-20987 0
-21055 0
21123 0
-21159 0
-21205 0
-21223 0
-21235 0
-21253 0
-21271 0
-21305 0
21333 0
21351 0
21367 0
-21383 0
21385 0
-21521 0
-21541 0
21985 0
22013 0
22047 0
22077 0
22121 0
22131 0
22135 0
22147 0
22191 0
22273 0
-22460 0
-22487 0
-22497 0
-22499 0
-22501 0
-22503 0
-22505 0
-22511 0
-22515 0
-22519 0
-22525 0
-22527 0
-22529 0
-22531 0
-22533 0
-22537 0
-22569 0
-22625 0
-22687 0
-22847 0
-22855 0
-22913 0
-22929 0
-22947 0
-22965 0
-22975 0
-22981 0
-22995 0
-23001 0
-23017 0
-23023 0
-23117 0
-23131 0
-23149 0
-23197 0
-23207 0
-23211 0
-23223 0
-23237 0
-23299 0
-23315 0
-23329 0
-23343 0
-23415 0
-273 0
-341 0
-447 0
-457 0
-459 0
-461 0
-463 0
-465 0
-475 0
-479 0
-485 0
-487 0
-489 0
-491 0
-493 0
-497 0
-1107 0
-1117 0
-1119 0
-1121 0
-1123 0
-1125 0
-1129 0
-2559 0
2563 0
-2569 0
-2571 0
-2573 0
-2575 0
-2577 0
2581 0
-2609 0
-2645 0
2681 0
4041 0
4215 0
4307 0
4327 0
4381 0
-4411 0
4497 0
4641 0
-4701 0
-4711 0
-4713 0
-4715 0
-4719 0
-4729 0
-4733 0
-4739 0
-4741 0
-4743 0
-4745 0
-4747 0
-4751 0
4887 0
5015 0
5031 0
5109 0
5123 0
5127 0
5167 0
5235 0
5239 0
5315 0
5381 0
5389 0
5403 0
5431 0
5447 0
5461 0
5493 0
5533 0
-5719 0
-5729 0
-5731 0
-5733 0
-5735 0
-5737 0
-5747 0
-5751 0
-5757 0
-5759 0
-5761 0
-5763 0
-5765 0
-5769 0
-5779 0
5841 0
-6531 0
6611 0
-6951 0
6955 0
-6961 0
-6963 0
-6965 0
-6967 0
-6969 0
6973 0
-7219 0
7223 0
-7229 0
-7231 0
-7233 0
-7235 0
-7237 0
7241 0
-7273 0
-7313 0
8567 0
-8721 0
-10323 0
-10327 0
10329 0
-10333 0
-10335 0
-10337 0
-10339 0
-10341 0
-10345 0
-10351 0
-10355 0
-10361 0
-10363 0
-10365 0
-10367 0
-10369 0
-10373 0
-10413 0
10651 0
-11057 0
11087 0
-11617 0
-12255 0
-12259 0
-12265 0
-12267 0
-12269 0
-12271 0
-12273 0
-12277 0
-12283 0
-12287 0
12289 0
-12293 0
-12295 0
-12297 0
-12299 0
-12301 0
-12305 0
13025 0
13044 0
13048 0
13056 0
13060 0
13064 0
-13149 0
13169 0
13227 0
-13319 0
-13323 0
-13329 0
-13331 0
-13333 0
-13335 0
-13337 0
-13341 0
-13347 0
-13351 0
13353 0
-13357 0
-13359 0
-13361 0
-13363 0
-13365 0
-13369 0
13371 0
-13375 0
-13379 0
-13385 0
-13387 0
-13389 0
-13391 0
-13393 0
-13397 0
-13403 0
-13413 0
-13415 0
-13417 0
-13419 0
-13421 0
-13425 0
-14595 0
-14605 0
-14607 0
-14609 0
-14611 0
-14613 0
-14617 0
-15111 0
-15767 0
-15777 0
-15779 0
-15781 0
-15783 0
-15785 0
-15789 0
-16651 0
-16661 0
-16663 0
-16665 0
-16667 0
-16669 0
-16673 0
-16945 0
-16955 0
-16957 0
-16959 0
-16961 0
-16963 0
-16967 0
-18025 0
18029 0
-18035 0
-18037 0
-18039 0
-18041 0
-18043 0
-18047 0
19795 0
-20211 0
20215 0
-20221 0
-20223 0
-20225 0
20227 0
-20229 0
20233 0
-20571 0
20575 0
-20581 0
-20583 0
-20585 0
20587 0
-20589 0
20593 0
-20603 0
-20657 0
-20715 0
-21008 0
-21012 0
-21016 0
-21020 0
-21032 0
-21084 0
-21088 0
-21092 0
-21096 0
21528 0
21532 0
21536 0
21540 0
21544 0
21548 0
21552 0
21556 0
21560 0
21564 0
21568 0
21572 0
21585 0
21657 0
-21659 0
21667 0
21669 0
21677 0
21688 0
21692 0
21696 0
21967 0
21995 0
-22097 0
22107 0
22109 0
-22115 0
22229 0
-22301 0
-22319 0
-22331 0
-22337 0
-22343 0
-22383 0
-22395 0
22411 0
22429 0
22445 0
-22461 0
22463 0
-22601 0
-22617 0
-22627 0
-22797 0
-22849 0
-22887 0
-22941 0
-23137 0
-23141 0
-23149 0
-23159 0
-23163 0
-23255 0
-23259 0
-23267 0
-23299 0
-23313 0
-23405 0
315 0
375 0
-553 0
-557 0
-565 0
-641 0
-647 0
-725 0
-735 0
-751 0
-819 0
-825 0
-1591 0
-1727 0
-1737 0
-1739 0
-1741 0
-1743 0
-1745 0
-1749 0
-1893 0
-1973 0
-1985 0
-2015 0
-2027 0
-2047 0
-2071 0
-2091 0
-2103 0
-2113 0
-2129 0
-2137 0
-2157 0
-2199 0
-2225 0
-2281 0
2319 0
2375 0
-2407 0
-2513 0
-2559 0
-2569 0
-2571 0
-2573 0
-2575 0
-2577 0
-2587 0
-2591 0
-2597 0
-2599 0
-2601 0
-2603 0
-2605 0
-2609 0
-2977 0
-2981 0
2999 0
-3001 0
3015 0
3139 0
-3147 0
-3317 0
-3341 0
-3351 0
-3361 0
-3379 0
-3395 0
-3413 0
-3423 0
-3431 0
-3435 0
-3439 0
-3449 0
-3613 0
-3727 0
-3805 0
-3829 0
-3839 0
3857 0
-3895 0
-3907 0
3925 0
-3927 0
-3931 0
-3935 0
-3953 0
-3993 0
-4113 0
4121 0
-4141 0
4151 0
-4161 0
-4181 0
-4269 0
-4273 0
-4279 0
-4281 0
-4285 0
-4333 0
-4337 0
-4373 0
4377 0
-4385 0
4393 0
-4411 0
4413 0
4437 0
-4453 0
-4463 0
-4465 0
-4467 0
-4469 0
-4471 0
-4481 0
4485 0
-4491 0
-4493 0
-4495 0
-4497 0
-4499 0
4503 0
-4509 0
-4513 0
-4519 0
-4521 0
-4523 0
-4525 0
-4527 0
-4531 0
6657 0
6669 0
6679 0
6707 0
6717 0
6773 0
6837 0
6841 0
6853 0
6911 0
6925 0
6991 0
-7171 0
-7181 0
-7183 0
-7185 0
-7187 0
-7189 0
-7195 0
-7199 0
-7203 0
-7209 0
-7211 0
-7213 0
-7215 0
-7217 0
-7221 0
-7309 0
-7321 0
-7329 0
-7337 0
-7371 0
-7417 0
-7429 0
-7433 0
-7445 0
-7455 0
-7519 0
-7533 0
-7549 0
-7563 0
-7771 0
-7781 0
-7783 0
-7785 0
7787 0
-7789 0
-7801 0
-7803 0
-7809 0
-7811 0
-7813 0
-7815 0
-7819 0
-7821 0
-9403 0
-9413 0
-9415 0
-9417 0
9419 0
-9421 0
-10217 0
-10227 0
-10229 0
-10231 0
-10233 0
-10235 0
10323 0
-10639 0
-10649 0
-10651 0
-10653 0
-10655 0
-10657 0
11839 0
11915 0
-13391 0
-13401 0
-13403 0
-13405 0
-13407 0
-13409 0
-13427 0
-13439 0
-13449 0
-13503 0
13529 0
-13535 0
13561 0
-13567 0
-13571 0
-13575 0
-13583 0
-13589 0
-13597 0
-13605 0
-13613 0
-13619 0
-13627 0
-13633 0
-13649 0
-13657 0
-13667 0
-13707 0
-13711 0
-13717 0
-13727 0
-13737 0
-13747 0
-13757 0
-13769 0
-13821 0
13831 0
-13835 0
-13847 0
13859 0
-13873 0
-13933 0
13937 0
13953 0
-13967 0
13971 0
-13987 0
13991 0
14069 0
-14073 0
-14081 0
14091 0
-14101 0
-14299 0
14325 0
14343 0
-14345 0
-14353 0
-14355 0
-14357 0
-14359 0
14361 0
-14363 0
-14371 0
-14375 0
-14381 0
-14383 0
-14385 0
-14387 0
-14389 0
-14393 0
-15755 0
-15765 0
-15767 0
-15769 0
-15771 0
-15773 0
-15783 0
-15787 0
-15793 0
-15795 0
-15797 0
-15799 0
-15801 0
-15805 0
-15885 0
-15923 0
-16869 0
16873 0
-16879 0
-16881 0
-16883 0
-16885 0
-16887 0
16891 0
-16901 0
-16937 0
-16987 0
-17825 0
-17835 0
-17837 0
-17839 0
-17841 0
-17843 0
-17873 0
17943 0
19327 0
-19337 0
-19339 0
-19341 0
-19343 0
-19345 0
19505 0
-19515 0
-19517 0
-19519 0
-19521 0
-19523 0
21047 0
-21049 0
-21057 0
-21059 0
-21061 0
-21063 0
-21065 0
21335 0
-21345 0
-21347 0
-21349 0
-21351 0
-21353 0
-21735 0
-22609 0
-22611 0
-22613 0
22615 0
-22617 0
-909 0
-917 0
-919 0
-921 0
923 0
-925 0
-953 0
-2895 0
-3237 0
-3759 0
-3769 0
-3771 0
-3773 0
-3775 0
-3777 0
-3781 0
-5035 0
5039 0
-5045 0
-5047 0
-5049 0
-5051 0
-5053 0
5057 0
-5067 0
-5839 0
-5867 0
5875 0
5879 0
-5885 0
-5887 0
-5889 0
-5891 0
-5893 0
5897 0
-5903 0
-5907 0
-5913 0
-5915 0
-5917 0
-5919 0
-5921 0
-5925 0
6057 0
-6063 0
-6077 0
-6087 0
-6101 0
-6173 0
-6191 0
-6211 0
6275 0
6319 0
6531 0
-6537 0
-6551 0
-6561 0
-6575 0
6595 0
6609 0
-6621 0
6639 0
-6651 0
-6715 0
6719 0
-6725 0
-6727 0
-6729 0
-6731 0
-6733 0
6737 0
-6743 0
-6747 0
-6753 0
-6755 0
-6757 0
-6759 0
-6761 0
-6765 0
-6887 0
-6897 0
-7053 0
-7063 0
-7073 0
7075 0
-7081 0
-7083 0
-7085 0
-7087 0
-7089 0
7093 0
-7099 0
-7103 0
-7109 0
-7111 0
-7113 0
-7117 0
-7121 0
7169 0
-7175 0
7265 0
-7271 0
7283 0
-7289 0
-7291 0
-7293 0
-7295 0
-7297 0
7301 0
-7307 0
-7311 0
-7317 0
-7319 0
-7321 0
-7325 0
-7329 0
-7979 0
8345 0
8349 0
-8355 0
-8357 0
-8359 0
-8361 0
-8363 0
8367 0
-8483 0
-8865 0
8869 0
-8875 0
-8877 0
-8879 0
-8881 0
-8883 0
8887 0
9093 0
-9099 0
-9101 0
-9103 0
-9105 0
-9107 0
9111 0
9327 0
-9333 0
-9335 0
-9337 0
-9339 0
-9341 0
9345 0
-11327 0
-11333 0
-11337 0
-11339 0
-11341 0
-11343 0
-11345 0
-11349 0
-11987 0
11991 0
-11997 0
-11999 0
-12001 0
-12003 0
-12005 0
12009 0
-12103 0
12107 0
-12113 0
-12115 0
-12117 0
-12119 0
-12121 0
12125 0
-12581 0
-13129 0
13135 0
-13139 0
-13141 0
-13143 0
-13145 0
-13147 0
-13151 0
-14283 0
-14293 0
-14295 0
-14297 0
-14299 0
-14301 0
-14311 0
-14315 0
-14321 0
-14323 0
-14325 0
-14327 0
-14329 0
-14333 0
-15435 0
-15445 0
-15447 0
-15449 0
-15453 0
-15465 0
-15467 0
-15473 0
-15475 0
-15477 0
-15479 0
-15483 0
-15485 0
-15525 0
-15577 0
-16245 0
-16255 0
-16257 0
-16259 0
-16263 0
-16273 0
-16277 0
-16283 0
-16285 0
-16287 0
-16289 0
-16291 0
-16295 0
-16441 0
-16451 0
-16453 0
-16455 0
-16459 0
-16469 0
-16479 0
-16481 0
-16483 0
-16485 0
-16487 0
-16491 0
-16643 0
-16653 0
-16655 0
-16657 0
-16661 0
-16675 0
-16681 0
-16683 0
-16685 0
-16687 0
-16689 0
-16693 0
-16933 0
-16949 0
-17021 0
-17039 0
-17059 0
-17077 0
-17089 0
-17097 0
-17113 0
-17119 0
-17137 0
-17225 0
-17241 0
-17297 0
-17313 0
-17317 0
-17329 0
-17347 0
-17423 0
-17443 0
-17459 0
-17479 0
17507 0
-17559 0
-17571 0
17663 0
-17703 0
-17711 0
-17739 0
-17895 0
-17917 0
-17967 0
-17977 0
-17979 0
-17981 0
-17983 0
-17985 0
-17995 0
-17999 0
-18005 0
-18007 0
-18009 0
-18011 0
-18013 0
-18017 0
-18055 0
-18109 0
-19453 0
19457 0
-19471 0
19475 0
-19489 0
19493 0
-19509 0
19513 0
-19523 0
-19531 0
19535 0
-19551 0
-19559 0
19563 0
19617 0
19627 0
19637 0
19647 0
19667 0
-19713 0
19731 0
19747 0
19761 0
-19829 0
-19857 0
-19869 0
-20031 0
-20037 0
20057 0
20119 0
-20159 0
-20169 0
-20171 0
-20173 0
-20175 0
-20177 0
-20187 0
-20191 0
-20197 0
-20199 0
-20201 0
-20203 0
-20205 0
-20209 0
-20219 0
20431 0
20675 0
20691 0
20721 0
20915 0
21035 0
21091 0
21385 0
21409 0
-21623 0
21627 0
-21633 0
-21635 0
-21637 0
-21639 0
-21641 0
21645 0
-21651 0
-21655 0
-21661 0
-21663 0
-21665 0
-21667 0
-21669 0
-21673 0
21699 0
-21743 0
-21783 0
-21837 0
-21875 0
-21923 0
-21989 0
-22007 0
-22139 0
-22151 0
-22235 0
-22243 0
-22371 0
-22393 0
-22705 0
22749 0
-22765 0
-22771 0
22787 0
22859 0
-22869 0
-22873 0
-22879 0
-22881 0
-22883 0
-22885 0
-22887 0
-22891 0
-22981 0
-23041 0
-23163 0
-23183 0
-23239 0
-23291 0
-23331 0
-1911 0
-1931 0
-1941 0
-1943 0
-1945 0
-1947 0
-1949 0
-1959 0
-1963 0
-1969 0
-1971 0
-1973 0
-1975 0
-1977 0
-1981 0
-2729 0
-2739 0
-2741 0
-2743 0
-2745 0
-2747 0
-2901 0
-2911 0
-2913 0
-2915 0
-2917 0
-2919 0
-2933 0
3567 0
3723 0
4075 0
4081 0
4177 0
4368 0
4421 0
4513 0
4529 0
4563 0
4913 0
4919 0
-4995 0
4999 0
-5005 0
-5007 0
-5009 0
-5011 0
-5013 0
5017 0
-5069 0
-5109 0
5275 0
-6245 0
6251 0
-6255 0
-6257 0
-6259 0
-6261 0
-6263 0
-6267 0
-6489 0
-6493 0
6521 0
6539 0
6557 0
6577 0
6601 0
-6617 0
6629 0
-6801 0
-6953 0
-6961 0
-6971 0
-6995 0
-7005 0
-7077 0
-7081 0
7107 0
-7125 0
-7187 0
-7197 0
-7199 0
-7201 0
7203 0
-7205 0
-7215 0
-7219 0
-7225 0
-7227 0
-7229 0
-7231 0
-7233 0
-7237 0
-7243 0
7247 0
-7253 0
-7255 0
-7257 0
-7259 0
-7261 0
7265 0
7579 0
7753 0
-9565 0
-9731 0
-9735 0
-9759 0
-9767 0
9769 0
-9813 0
-9823 0
9973 0
10049 0
10069 0
10133 0
10143 0
10175 0
-10215 0
-10229 0
-10235 0
-10255 0
-10269 0
-10275 0
-10411 0
-10415 0
10439 0
-10449 0
-10455 0
-10461 0
-10471 0
-10485 0
-10495 0
10607 0
-10609 0
-10617 0
-10619 0
-10621 0
-10623 0
10625 0
-10627 0
-10635 0
-10639 0
-10645 0
-10647 0
-10649 0
-10651 0
-10653 0
-10657 0
10695 0
11119 0
11163 0
11273 0
11465 0
11477 0
11491 0
11505 0
11575 0
11595 0
11613 0
11631 0
11695 0
11821 0
-11823 0
11837 0
11839 0
11853 0
11959 0
11973 0
11997 0
12077 0
12121 0
12161 0
12197 0
-12259 0
-12265 0
-12269 0
-12271 0
-12273 0
12275 0
-12277 0
-12283 0
-12287 0
-12291 0
-12297 0
-12299 0
-12301 0
-12303 0
-12305 0
-12309 0
-12563 0
-12575 0
-12587 0
-12593 0
-12693 0
12837 0
-12879 0
-12995 0
-13123 0
-13227 0
13285 0
-13323 0
-13427 0
-13431 0
13521 0
-13545 0
-13681 0
-13699 0
-13709 0
-13775 0
-13787 0
-13799 0
-13805 0
-13813 0
-13823 0
-13825 0
-13827 0
-13831 0
-13841 0
-13845 0
-13851 0
-13853 0
-13855 0
-13857 0
-13859 0
-13863 0
-13889 0
-13927 0
14003 0
14051 0
14067 0
14087 0
14115 0
14223 0
14369 0
14385 0
-14432 0
-14455 0
-14461 0
-14465 0
-14467 0
-14469 0
-14471 0
-14473 0
-14479 0
-14483 0
-14487 0
-14493 0
-14495 0
-14497 0
-14499 0
-14501 0
-14505 0
14527 0
14677 0
-14716 0
-14741 0
15143 0
15147 0
15233 0
15243 0
15253 0
15603 0
-15611 0
15645 0
15731 0
-15765 0
15769 0
-15771 0
-15783 0
15787 0
-15789 0
-15801 0
15805 0
-15807 0
-15821 0
15825 0
-15827 0
-15835 0
-15841 0
15845 0
-15847 0
-15855 0
15859 0
-15861 0
-15941 0
-15961 0
-16017 0
-16025 0
-16035 0
16207 0
-16215 0
16225 0
-16249 0
-16275 0
-16335 0
-16351 0
-16391 0
-16401 0
-16403 0
-16405 0
-16407 0
-16409 0
-16419 0
-16429 0
-16431 0
-16433 0
-16435 0
-16437 0
-16441 0
-16451 0
-17303 0
-17751 0
-17761 0
-17763 0
-17765 0
-17767 0
-17769 0
-17773 0
20785 0
20893 0
-20895 0
20907 0
20909 0
20921 0
-21159 0
-21185 0
21201 0
-21215 0
21233 0
-21237 0
-21253 0
-21265 0
21307 0
-21323 0
-21349 0
21365 0
-21379 0
21397 0
-21401 0
21415 0
-21459 0
21471 0
-21487 0
-21497 0
-21499 0
-21501 0
-21503 0
-21505 0
-21515 0
-21519 0
-21525 0
-21527 0
-21529 0
-21531 0
-21533 0
-21537 0
-21585 0
-21623 0
-21673 0
1307 0
1459 0
-2473 0
-2483 0
-2485 0
-2487 0
-2489 0
-2491 0
-2495 0
3739 0
3829 0
-3831 0
3841 0
3843 0
3853 0
3895 0
4387 0
-6907 0
-6917 0
-6919 0
-6921 0
-6923 0
-6925 0
-8497 0
-8511 0
-8517 0
-8535 0
-8549 0
-8567 0
-8769 0
-8773 0
-8775 0
-8779 0
-8781 0
-8783 0
-8785 0
8787 0
-8789 0
-8797 0
-8801 0
-8807 0
-8809 0
-8811 0
-8813 0
-8815 0
-8819 0
9099 0
-9783 0
-9787 0
9797 0
9813 0
9825 0
-9849 0
-9879 0
-9883 0
9901 0
9903 0
-9923 0
9935 0
-10041 0
-10107 0
-10165 0
10211 0
-10225 0
10501 0
10509 0
10517 0
10525 0
10533 0
10541 0
10549 0
-10739 0
-10743 0
10755 0
-10803 0
-10829 0
10855 0
10857 0
10871 0
-10875 0
-10877 0
-10881 0
-10981 0
-11044 0
-12715 0
-12719 0
12729 0
12731 0
-12739 0
-12749 0
12771 0
-12797 0
-12815 0
12821 0
12831 0
12833 0
-12847 0
-12851 0
-12853 0
-12857 0
-12883 0
-12943 0
-13009 0
-13075 0
-13133 0
-14033 0
-14043 0
-14045 0
-14047 0
-14049 0
-14051 0
-14055 0
14097 0
-14099 0
-14105 0
14161 0
14165 0
14177 0
14267 0
-14273 0
-14301 0
-14783 0
-14919 0
15233 0
15249 0
-15355 0
-15359 0
15639 0
16183 0
17195 0
17215 0
17227 0
17233 0
17257 0
17341 0
17365 0
-17391 0
-17413 0
17511 0
-17880 0
17896 0
17920 0
18349 0
18353 0
18367 0
18387 0
18403 0
18411 0
18427 0
18433 0
18443 0
-18463 0
18465 0
18619 0
18643 0
18661 0
18717 0
-18725 0
-18747 0
18833 0
18907 0
18917 0
18943 0
-19037 0
-19057 0
19135 0
-19213 0
-19235 0
19381 0
19399 0
19419 0
19443 0
-19459 0
19471 0
-19667 0
19669 0
-19699 0
19701 0
-19715 0
-19777 0
19811 0
-19813 0
-19823 0
-19827 0
-19831 0
-19863 0
20039 0
20065 0
-20119 0
20199 0
20215 0
20279 0
20799 0
-21007 0
-21403 0
21839 0
21941 0
22103 0
22243 0
22245 0
22263 0
22269 0
22299 0
22321 0
22387 0
22409 0
-22799 0
339 0
-571 0
749 0
795 0
-887 0
983 0
1045 0
-1247 0
-1265 0
-1269 0
-1279 0
-1283 0
1317 0
-1323 0
-1329 0
1351 0
-1369 0
-1375 0
1403 0
1467 0
1493 0
-1499 0
-1517 0
-1549 0
-1561 0
1581 0
-1589 0
1591 0
-1593 0
-1609 0
2103 0
2183 0
-2351 0
-2425 0
-2431 0
-2441 0
-2445 0
2457 0
-2471 0
-2477 0
2489 0
-2523 0
-2535 0
-2541 0
-2555 0
-2583 0
-2587 0
2589 0
-2597 0
2601 0
-2613 0
-2617 0
-2631 0
-2653 0
-2659 0
-2679 0
-2927 0
-2935 0
2975 0
2995 0
3015 0
3035 0
3055 0
-3069 0
3081 0
-3217 0
-3237 0
-3257 0
-3267 0
-3287 0
-3307 0
-3317 0
-3399 0
-4609 0
-4615 0
-4629 0
-4661 0
4665 0
-4679 0
4683 0
-4699 0
4703 0
-4713 0
-4721 0
4725 0
-4741 0
-4749 0
4753 0
-4869 0
4871 0
-4881 0
-4887 0
-4897 0
4899 0
-4937 0
-4943 0
-4981 0
-4985 0
4987 0
-5007 0
-5089 0
5251 0
5271 0
5291 0
-5301 0
5311 0
5331 0
-5345 0
5359 0
-5467 0
5477 0
-5491 0
-5503 0
-5509 0
-5521 0
-5543 0
5551 0
-5571 0
5589 0
-5591 0
-5603 0
-5609 0
-5623 0
-5647 0
-5673 0
5683 0
-5697 0
-5771 0
7107 0
-7517 0
-7523 0
-7533 0
-7537 0
-7547 0
7549 0
-7571 0
7573 0
7581 0
-7591 0
7593 0
-7605 0
-7617 0
7619 0
-7641 0
-7645 0
-7667 0
-7671 0
7675 0
-7689 0
-7693 0
-7701 0
-7717 0
-7721 0
-7735 0
-7739 0
7741 0
7751 0
-7753 0
-7767 0
-7781 0
-7805 0
-7827 0
-7875 0
-7891 0
-7985 0
-7995 0
-8011 0
-8021 0
-8065 0
-8121 0
-8155 0
-8167 0
-8175 0
-8187 0
-8197 0
-8205 0
-8247 0
-8259 0
-8297 0
-8303 0
-8313 0
-8317 0
-8323 0
-9639 0
9711 0
9721 0
9731 0
9861 0
9913 0
9939 0
9971 0
9993 0
10003 0
10051 0
10161 0
10185 0
10217 0
10271 0
10371 0
10381 0
10439 0
10473 0
10577 0
10685 0
-10699 0
-10719 0
-11231 0
-11281 0
-11823 0
-12099 0
-12383 0
-12623 0
14031 0
-14289 0
-14291 0
-14293 0
-14295 0
-14297 0
-14299 0
-14301 0
-14303 0
-14305 0
-14307 0
-15219 0
-15881 0
-16511 0
-16699 0
-17241 0
-18043 0
-18607 0
-18942 0
-18944 0
-18946 0
-18948 0
18950 0
18952 0
18954 0
18956 0
18958 0
18960 0
18962 0
18964 0
18966 0
18968 0
18970 0
18972 0
18973 0
18974 0
18976 0
18978 0
18980 0
18982 0
18984 0
18986 0
18988 0
18990 0
18992 0
18994 0
18996 0
18998 0
19000 0
19002 0
19004 0
19006 0
19008 0
19010 0
19012 0
19014 0
19016 0
19018 0
19020 0
19022 0
19024 0
19026 0
19028 0
19030 0
19032 0
19034 0
19036 0
19038 0
19040 0
19042 0
19044 0
19046 0
19048 0
19050 0
19052 0
19054 0
19056 0
19058 0
19060 0
19062 0
-19064 0
-19066 0
19068 0
19070 0
19072 0
19074 0
19076 0
19078 0
19080 0
19082 0
19084 0
19086 0
19088 0
19090 0
19092 0
19094 0
19096 0
19098 0
19100 0
19102 0
19104 0
19106 0
19108 0
19110 0
19112 0
19114 0
19116 0
19118 0
19120 0
19122 0
19124 0
19126 0
19128 0
19136 0
19138 0
19140 0
19142 0
19144 0
19146 0
19152 0
19154 0
19156 0
19158 0
19160 0
19162 0
19168 0
19170 0
19172 0
19174 0
19176 0
19178 0
19184 0
19186 0
19188 0
-19357 0
-19389 0
-19421 0
-19453 0
-19485 0
-19741 0
-19775 0
-19859 0
-19901 0
-19937 0
-20003 0
-20079 0
-20151 0
-20199 0
-20257 0
-20309 0
-20385 0
-20443 0
-20505 0
-20571 0
-20651 0
-20709 0
-20769 0
-20855 0
-20943 0
-21007 0
-21047 0
-21101 0
-21165 0
-21227 0
-21317 0
-21365 0
-21425 0
-21485 0
-21561 0
-21653 0
-21763 0
-21809 0
-21865 0
-22001 0
-22045 0
-22095 0
-22185 0
-22271 0
-22317 0
22512 0
22558 0
-23270 0
23280 0
-416 0
-866 0
-1202 0
-1283 0
-2457 0
3074 0
-4669 0
-5019 0
5985 0
6507 0
-7635 0
8395 0
-9371 0
-9793 0
10167 0
11755 0
-12603 0
-12923 0
-13361 0
-14337 0
-14541 0
-18535 0
-18549 0
-19399 0
-19431 0
-19463 0
-19495 0
-19527 0
-19737 0
-19839 0
-19883 0
-19927 0
-19971 0
-20035 0
-20067 0
-20123 0
-20179 0
-20237 0
-20289 0
-20335 0
-20399 0
-20433 0
-20485 0
-20521 0
-20575 0
-20645 0
-20687 0
-20723 0
-20779 0
-20825 0
-20859 0
-20901 0
-20945 0
-21005 0
-21057 0
-21101 0
-21153 0
-21195 0
-21257 0
-21297 0
-21329 0
-21397 0
-21445 0
-21511 0
-21553 0
-21587 0
-21645 0
-21691 0
-21725 0
-21777 0
-21820 0
-21822 0
-21828 0
-21829 0
-21830 0
-21834 0
-21836 0
-21838 0
-21840 0
-21842 0
-21844 0
-21846 0
-21848 0
-21850 0
-21852 0
-21856 0
-21858 0
21860 0
21862 0
21864 0
-21865 0
21866 0
21868 0
21870 0
21872 0
21874 0
21876 0
21884 0
21886 0
21888 0
21894 0
21898 0
21900 0
21902 0
-21909 0
-21955 0
-21987 0
-22019 0
-22081 0
-22125 0
-22165 0
-22209 0
-22251 0
-22287 0
-22331 0
-22377 0
-22423 0
23121 0
-5035 0
6491 0
6787 0
-10011 0
12131 0
-15403 0
-16621 0
-19195 0
19815 0
-19831 0
20551 0
-20597 0
21387 0
22671 0
-467 0
4947 0
-4977 0
-6375 0
-7007 0
-7122 0
7143 0
7149 0
7171 0
7179 0
-7277 0
7359 0
-7457 0
7561 0
7565 0
7567 0
7569 0
-7585 0
-7589 0
-7665 0
7777 0
7791 0
7873 0
7895 0
7977 0
8001 0
-8091 0
8111 0
8207 0
-8217 0
8311 0
8317 0
-8321 0
-8397 0
-8417 0
-8463 0
8495 0
8501 0
8607 0
8631 0
-8711 0
-8809 0
-9023 0
-9041 0
-9045 0
9119 0
-9129 0
-9155 0
9229 0
9247 0
9329 0
9337 0
9433 0
-9439 0
9461 0
-9463 0
-9669 0
9749 0
9767 0
-9771 0
9849 0
-9851 0
-9857 0
9959 0
-9977 0
-10167 0
10183 0
10185 0
10401 0
10471 0
-10481 0
10495 0
-10497 0
10505 0
10575 0
10599 0
-10705 0
10713 0
-10785 0
10793 0
10807 0
-10897 0
11015 0
-11017 0
-11023 0
11103 0
11105 0
11131 0
11195 0
11223 0
11305 0
11307 0
-11315 0
11337 0
11511 0
-11513 0
-11517 0
-11519 0
-11521 0
11547 0
-11641 0
11725 0
-11727 0
-11751 0
11753 0
11823 0
11831 0
-11855 0
-11933 0
11937 0
12037 0
-12039 0
12135 0
12137 0
12239 0
12267 0
12343 0
-12349 0
12353 0
-12371 0
12449 0
12483 0
12661 0
12685 0
12759 0
12783 0
-12785 0
12967 0
13001 0
13071 0
13303 0
-13393 0
13489 0
13497 0
13511 0
13615 0
13619 0
13627 0
13697 0
13903 0
-13913 0
13929 0
13939 0
-14009 0
14031 0
14033 0
14117 0
-14121 0
14223 0
14241 0
-14247 0
14325 0
14423 0
14429 0
14451 0
-14459 0
-14537 0
14555 0
-14559 0
-14563 0
-14599 0
14633 0
-14639 0
14655 0
-14657 0
14705 0
-14743 0
14745 0
14769 0
14839 0
-14867 0
14871 0
14943 0
-14945 0
14969 0
-14971 0
-15051 0
-15079 0
15151 0
-15157 0
-15161 0
-15263 0
-15265 0
15279 0
15281 0
15287 0
15359 0
15487 0
-15493 0
15573 0
15591 0
15599 0
15697 0
15799 0
15801 0
15811 0
15889 0
15909 0
15989 0
-15991 0
16009 0
16171 0
16193 0
-16199 0
16223 0
16319 0
-16509 0
16613 0
16631 0
-16639 0
-16643 0
16711 0
-16817 0
16825 0
16921 0
16927 0
17023 0
-17031 0
17049 0
-17127 0
17133 0
17135 0
17233 0
-17337 0
17359 0
-17441 0
17463 0
-17549 0
17567 0
17577 0
17757 0
17781 0
17855 0
-17861 0
17879 0
-17881 0
17891 0
-17991 0
18097 0
18277 0
-18383 0
18399 0
18485 0
-18595 0
-18715 0
18815 0
-18821 0
18897 0
19005 0
-19009 0
19023 0
19025 0
-19035 0
-19111 0
19231 0
-19233 0
-19239 0
19313 0
-19323 0
19415 0
-19529 0
19625 0
19657 0
-19731 0
-19739 0
-19833 0
19857 0
-19859 0
19959 0
19969 0
20041 0
-20045 0
20047 0
-20049 0
20123 0
-20147 0
-20173 0
-20255 0
20273 0
-20275 0
20355 0
20375 0
20377 0
20385 0
20457 0
-20465 0
20559 0
-20589 0
20591 0
20665 0
20675 0
20687 0
-20695 0
-20795 0
20999 0
21113 0
-21163 0
-21185 0
21191 0
21207 0
21293 0
21391 0
-21399 0
-21499 0
-21505 0
21519 0
21601 0
-21629 0
-21631 0
-21633 0
21815 0
21839 0
21841 0
21919 0
22021 0
22039 0
-22089 0
-22147 0
22153 0
-22155 0
22333 0
22337 0
22351 0
22437 0
22455 0
-22465 0
22535 0
22537 0
-22543 0
22561 0
22567 0
22647 0
22665 0
-22673 0
22723 0
22747 0
22751 0
22777 0
22847 0
-22849 0
22871 0
22879 0
-22981 0
-22983 0
23055 0
-23061 0
23079 0
23089 0
23159 0
23269 0
-23273 0
23287 0
-23289 0
-23299 0
-23373 0
-23375 0
395 0
-423 0
519 0
631 0
-735 0
-757 0
831 0
-839 0
-841 0
857 0
941 0
-945 0
959 0
969 0
1047 0
1065 0
1067 0
1167 0
1247 0
1271 0
-1273 0
1283 0
-1359 0
1381 0
-1457 0
1489 0
1559 0
-1587 0
1663 0
-1689 0
1693 0
1773 0
-1793 0
-1797 0
1879 0
1895 0
-1981 0
-1985 0
-2087 0
-2215 0
2287 0
-2289 0
-2295 0
2297 0
2315 0
2319 0
2391 0
2415 0
-2417 0
2419 0
2423 0
-2425 0
-2427 0
2503 0
2521 0
2601 0
2625 0
2709 0
-2727 0
-2735 0
-2807 0
-2815 0
-2835 0
-2837 0
-3021 0
3025 0
-3049 0
-3127 0
3143 0
3247 0
-3251 0
-3335 0
3337 0
-3357 0
-3439 0
3535 0
3665 0
-3749 0
3753 0
-3857 0
-3881 0
3951 0
3977 0
-4087 0
-4089 0
4161 0
4189 0
4263 0
4269 0
4291 0
4399 0
-4403 0
4471 0
-4479 0
4495 0
-4497 0
4575 0
4681 0
-4687 0
4703 0
4791 0
4807 0
4813 0
-4817 0
4887 0
4911 0
4993 0
5017 0
-5029 0
5121 0
-5127 0
5129 0
5199 0
5209 0
-5231 0
5283 0
5305 0
5311 0
5409 0
-5415 0
-5417 0
-5419 0
-5537 0
-5545 0
-5623 0
-5625 0
5639 0
-5647 0
-5649 0
-5725 0
-5727 0
-5729 0
5745 0
-5749 0
-5751 0
-5753 0
5823 0
5829 0
-5833 0
-5855 0
-5857 0
-5859 0
5935 0
-5953 0
6031 0
6037 0
-6041 0
6063 0
-6065 0
-6067 0
-6139 0
-6143 0
-6145 0
-6147 0
-6159 0
-6163 0
-6165 0
-6167 0
6239 0
-6247 0
-6249 0
-6275 0
-6353 0
6369 0
6377 0
-6379 0
-6443 0
6449 0
6455 0
-6459 0
6471 0
-6479 0
-6483 0
6547 0
-6551 0
6555 0
-6559 0
6577 0
6587 0
-6589 0
-6667 0
-6687 0
6759 0
-6767 0
-6769 0
-6787 0
-6793 0
-6795 0
-6873 0
-6897 0
6969 0
-6971 0
-6977 0
-6979 0
6991 0
-6993 0
-7001 0
-7003 0
7071 0
-7073 0
7077 0
-7081 0
7097 0
-7099 0
7105 0
-7109 0
7177 0
-7185 0
-7187 0
-7207 0
-7209 0
7283 0
7287 0
-7291 0
7305 0
-7317 0
7385 0
-7391 0
-7393 0
-7395 0
7407 0
-7415 0
-7417 0
-7419 0
-7497 0
7513 0
-7521 0
7595 0
-7603 0
-7623 0
-7625 0
-7627 0
-7699 0
-7701 0
-7703 0
-7727 0
-7729 0
-7731 0
7801 0
-7807 0
-7809 0
-7811 0
7825 0
-7829 0
-7833 0
-7835 0
-7837 0
-7911 0
-7913 0
-7915 0
-7933 0
-7935 0
-7937 0
8007 0
8013 0
-8017 0
8035 0
-8043 0
8111 0
-8121 0
8135 0
-8147 0
-8217 0
-8221 0
-8223 0
-8225 0
8247 0
-8251 0
-8329 0
-8353 0
-8431 0
-8435 0
8455 0
-8457 0
-8527 0
-8535 0
8553 0
-8565 0
-8633 0
-8641 0
8657 0
-8661 0
-8665 0
-8669 0
8741 0
-8745 0
8765 0
-8767 0
-8769 0
-8847 0
8865 0
-8877 0
8943 0
-8951 0
-8953 0
8971 0
-8975 0
-8977 0
-8979 0
9049 0
-9057 0
-9059 0
9077 0
-9079 0
-9081 0
9151 0
-9161 0
9183 0
-9187 0
9255 0
9261 0
-9265 0
-9291 0
9363 0
-9369 0
-9371 0
9383 0
-9393 0
-9395 0
9465 0
-9471 0
-9475 0
9489 0
-9501 0
-9575 0
-9579 0
9591 0
-9603 0
9671 0
9677 0
-9681 0
9695 0
-9707 0
-9783 0
9801 0
-9809 0
-9813 0
-9887 0
-9891 0
9905 0
-9909 0
-9913 0
-9917 0
9983 0
9989 0
-9993 0
10007 0
-10017 0
-10019 0
10087 0
10093 0
-10097 0
10111 0
-10123 0
-10201 0
-10203 0
-10223 0
-10225 0
-10227 0
10297 0
-10307 0
-10329 0
10399 0
-10409 0
10423 0
-10433 0
-10435 0
-10509 0
-10511 0
-10513 0
10529 0
-10537 0
-10539 0
-10541 0
10615 0
10617 0
-10619 0
10633 0
-10643 0
10713 0
-10721 0
10739 0
-10747 0
10815 0
-10823 0
-10825 0
-10849 0
-10851 0
10921 0
10927 0
-10931 0
10945 0
10953 0
-10957 0
11023 0
-11029 0
-11031 0
-11033 0
11047 0
-11053 0
-11055 0
-11057 0
-11129 0
-11133 0
-11135 0
-11137 0
11151 0
-11153 0
-11155 0
-11159 0
-11161 0
-11163 0
-11233 0
-11237 0
-11239 0
-11241 0
-11261 0
-11263 0
-11265 0
11441 0
-11447 0
11465 0
11471 0
-11549 0
-11551 0
-11553 0
11567 0
-11571 0
-11575 0
-11577 0
-11579 0
-11651 0
-11653 0
-11655 0
11671 0
-11675 0
-11679 0
-11681 0
-11683 0
11759 0
11777 0
-11857 0
-11861 0
-11863 0
-11865 0
11881 0
-11883 0
-11889 0
-11891 0
-11893 0
-11965 0
-11967 0
-11969 0
11983 0
-11987 0
-11991 0
-11993 0
-11995 0
-12067 0
-12069 0
-12071 0
-12095 0
-12097 0
-12099 0
-12173 0
-12175 0
-12177 0
12191 0
-12195 0
-12199 0
-12201 0
-12203 0
12271 0
-12277 0
-12281 0
-12303 0
-12307 0
12377 0
-12383 0
-12385 0
-12387 0
-12403 0
-12407 0
-12409 0
-12411 0
12479 0
-12485 0
-